Date: Mon, Nov 04, 2019 11:52 AM; User: wsLu; Sample: 70N3_IVc

Force G mode: None
Force S mode: AWG:IDC	Force S Rser (Max I): 1Gohm - 2nA
Attn: 1.000000E+0; DL1201 gain: 100; Voff (V): 0.000000E+0;
I bias (A): 1.000000E-10 Coil range (A): 2.000000E-3; Coil factor (G/A): 580

Sense mode: HP:IDC/DL1201; DUT Z setting: >10Gohm
tf stb (ms): 500; ts stb (ms): 50; ts itr (ms): 10; #s itr: 1

SetpG file:
\\JOSH-PC\OurData\wsLu\RawData\DC\setpt\MRmL0d96mA-P0d68t0d96mS5u_57d.txt
SetpS file:
\\JOSH-PC\OurData\wsLu\RawData\DC\setpt\IVnR1nA_PN1nS10p_400d.txt

Note:
1. Pin assignment: 2ba,1ab
2. HP34401 fast 6 digit
3. DL1201 preamp, HPF DC, LPF 3Hz; DC coupled, bat power



!DATASTR!
Time	T1	T2	T5	T6	T8	IG	IS	V1	SD1	V2	SD2	Rcali
(min)	(K)	(K)	(K)	(K)	(K)	(A)	(A)	(V)	(V)	(V)	(V)	(ohm)
2.30680E-2	-1.00000E+0	-1.00000E+0	-1.00000E+0	-1.00000E+0	4.03356E-2	1.73200E+0	0.00000E+0	-5.25941E-4	NaN	-1.00000E+0	-1.00000E+0	-1.00000E+0
1.22707E-1	-1.00000E+0	-1.00000E+0	-1.00000E+0	-1.00000E+0	4.00343E-2	1.73200E+0	1.00000E-11	-4.63336E-4	NaN	-1.00000E+0	-1.00000E+0	-1.00000E+0
2.10745E-1	-1.00000E+0	-1.00000E+0	-1.00000E+0	-1.00000E+0	4.00879E-2	1.73200E+0	2.00000E-11	-3.95607E-4	NaN	-1.00000E+0	-1.00000E+0	-1.00000E+0
2.45414E-1	-1.00000E+0	-1.00000E+0	-1.00000E+0	-1.00000E+0	3.99926E-2	1.73200E+0	3.00000E-11	-3.59966E-4	NaN	-1.00000E+0	-1.00000E+0	-1.00000E+0
2.97434E-1	-1.00000E+0	-1.00000E+0	-1.00000E+0	-1.00000E+0	4.01832E-2	1.73200E+0	4.00000E-11	-3.33961E-4	NaN	-1.00000E+0	-1.00000E+0	-1.00000E+0
3.56754E-1	-1.00000E+0	-1.00000E+0	-1.00000E+0	-1.00000E+0	4.01241E-2	1.73200E+0	5.00000E-11	-3.03576E-4	NaN	-1.00000E+0	-1.00000E+0	-1.00000E+0
3.77072E-1	-1.00000E+0	-1.00000E+0	-1.00000E+0	-1.00000E+0	4.01468E-2	1.73200E+0	6.00000E-11	-2.13748E-4	NaN	-1.00000E+0	-1.00000E+0	-1.00000E+0
4.40325E-1	-1.00000E+0	-1.00000E+0	-1.00000E+0	-1.00000E+0	3.99913E-2	1.73200E+0	7.00000E-11	-1.58342E-4	NaN	-1.00000E+0	-1.00000E+0	-1.00000E+0
5.02529E-1	-1.00000E+0	-1.00000E+0	-1.00000E+0	-1.00000E+0	3.98155E-2	1.73200E+0	8.00000E-11	-9.10621E-5	NaN	-1.00000E+0	-1.00000E+0	-1.00000E+0
5.59049E-1	-1.00000E+0	-1.00000E+0	-1.00000E+0	-1.00000E+0	3.99835E-2	1.73200E+0	9.00000E-11	-1.28736E-5	NaN	-1.00000E+0	-1.00000E+0	-1.00000E+0
6.16035E-1	-1.00000E+0	-1.00000E+0	-1.00000E+0	-1.00000E+0	4.01292E-2	1.73200E+0	1.00000E-10	4.69284E-3	NaN	-1.00000E+0	-1.00000E+0	-1.00000E+0
6.43637E-1	-1.00000E+0	-1.00000E+0	-1.00000E+0	-1.00000E+0	4.00069E-2	1.73200E+0	1.10000E-10	4.72409E-3	NaN	-1.00000E+0	-1.00000E+0	-1.00000E+0
7.06507E-1	-1.00000E+0	-1.00000E+0	-1.00000E+0	-1.00000E+0	4.00372E-2	1.73200E+0	1.20000E-10	4.79642E-3	NaN	-1.00000E+0	-1.00000E+0	-1.00000E+0
7.75911E-1	-1.00000E+0	-1.00000E+0	-1.00000E+0	-1.00000E+0	4.00363E-2	1.73200E+0	1.30000E-10	4.84341E-3	NaN	-1.00000E+0	-1.00000E+0	-1.00000E+0
8.38698E-1	-1.00000E+0	-1.00000E+0	-1.00000E+0	-1.00000E+0	3.99506E-2	1.73200E+0	1.40000E-10	5.24442E-3	NaN	-1.00000E+0	-1.00000E+0	-1.00000E+0
9.11419E-1	-1.00000E+0	-1.00000E+0	-1.00000E+0	-1.00000E+0	3.98826E-2	1.73200E+0	1.50000E-10	5.26875E-3	NaN	-1.00000E+0	-1.00000E+0	-1.00000E+0
9.33687E-1	-1.00000E+0	-1.00000E+0	-1.00000E+0	-1.00000E+0	3.99566E-2	1.73200E+0	1.60000E-10	5.30013E-3	NaN	-1.00000E+0	-1.00000E+0	-1.00000E+0
9.85423E-1	-1.00000E+0	-1.00000E+0	-1.00000E+0	-1.00000E+0	4.00844E-2	1.73200E+0	1.70000E-10	5.51558E-3	NaN	-1.00000E+0	-1.00000E+0	-1.00000E+0
1.03581E+0	-1.00000E+0	-1.00000E+0	-1.00000E+0	-1.00000E+0	3.97679E-2	1.73200E+0	1.80000E-10	5.51717E-3	NaN	-1.00000E+0	-1.00000E+0	-1.00000E+0
1.05816E+0	-1.00000E+0	-1.00000E+0	-1.00000E+0	-1.00000E+0	4.00652E-2	1.73200E+0	1.90000E-10	5.51915E-3	NaN	-1.00000E+0	-1.00000E+0	-1.00000E+0
1.10806E+0	-1.00000E+0	-1.00000E+0	-1.00000E+0	-1.00000E+0	3.99835E-2	1.73200E+0	2.00000E-10	5.52012E-3	NaN	-1.00000E+0	-1.00000E+0	-1.00000E+0
1.16497E+0	-1.00000E+0	-1.00000E+0	-1.00000E+0	-1.00000E+0	4.00345E-2	1.73200E+0	2.10000E-10	5.52063E-3	NaN	-1.00000E+0	-1.00000E+0	-1.00000E+0
1.18838E+0	-1.00000E+0	-1.00000E+0	-1.00000E+0	-1.00000E+0	3.98065E-2	1.73200E+0	2.20000E-10	5.52112E-3	NaN	-1.00000E+0	-1.00000E+0	-1.00000E+0
1.23710E+0	-1.00000E+0	-1.00000E+0	-1.00000E+0	-1.00000E+0	4.01306E-2	1.73200E+0	2.30000E-10	5.52207E-3	NaN	-1.00000E+0	-1.00000E+0	-1.00000E+0
1.28711E+0	-1.00000E+0	-1.00000E+0	-1.00000E+0	-1.00000E+0	3.98457E-2	1.73200E+0	2.40000E-10	5.52297E-3	NaN	-1.00000E+0	-1.00000E+0	-1.00000E+0
1.32431E+0	-1.00000E+0	-1.00000E+0	-1.00000E+0	-1.00000E+0	4.02027E-2	1.73200E+0	2.50000E-10	5.52344E-3	NaN	-1.00000E+0	-1.00000E+0	-1.00000E+0
1.36831E+0	-1.00000E+0	-1.00000E+0	-1.00000E+0	-1.00000E+0	3.98473E-2	1.73200E+0	2.60000E-10	5.52395E-3	NaN	-1.00000E+0	-1.00000E+0	-1.00000E+0
1.41746E+0	-1.00000E+0	-1.00000E+0	-1.00000E+0	-1.00000E+0	3.99245E-2	1.73200E+0	2.70000E-10	5.52414E-3	NaN	-1.00000E+0	-1.00000E+0	-1.00000E+0
1.43918E+0	-1.00000E+0	-1.00000E+0	-1.00000E+0	-1.00000E+0	3.99890E-2	1.73200E+0	2.80000E-10	5.52487E-3	NaN	-1.00000E+0	-1.00000E+0	-1.00000E+0
1.47665E+0	-1.00000E+0	-1.00000E+0	-1.00000E+0	-1.00000E+0	3.97568E-2	1.73200E+0	2.90000E-10	5.52531E-3	NaN	-1.00000E+0	-1.00000E+0	-1.00000E+0
1.52384E+0	-1.00000E+0	-1.00000E+0	-1.00000E+0	-1.00000E+0	4.01311E-2	1.73200E+0	3.00000E-10	5.52525E-3	NaN	-1.00000E+0	-1.00000E+0	-1.00000E+0
1.56364E+0	-1.00000E+0	-1.00000E+0	-1.00000E+0	-1.00000E+0	3.98767E-2	1.73200E+0	3.10000E-10	5.52627E-3	NaN	-1.00000E+0	-1.00000E+0	-1.00000E+0
1.62243E+0	-1.00000E+0	-1.00000E+0	-1.00000E+0	-1.00000E+0	3.99679E-2	1.73200E+0	3.20000E-10	5.52651E-3	NaN	-1.00000E+0	-1.00000E+0	-1.00000E+0
1.67328E+0	-1.00000E+0	-1.00000E+0	-1.00000E+0	-1.00000E+0	3.98980E-2	1.73200E+0	3.30000E-10	5.52658E-3	NaN	-1.00000E+0	-1.00000E+0	-1.00000E+0
1.70428E+0	-1.00000E+0	-1.00000E+0	-1.00000E+0	-1.00000E+0	3.98038E-2	1.73200E+0	3.40000E-10	5.52640E-3	NaN	-1.00000E+0	-1.00000E+0	-1.00000E+0
1.75612E+0	-1.00000E+0	-1.00000E+0	-1.00000E+0	-1.00000E+0	3.99946E-2	1.73200E+0	3.50000E-10	5.52745E-3	NaN	-1.00000E+0	-1.00000E+0	-1.00000E+0
1.82482E+0	-1.00000E+0	-1.00000E+0	-1.00000E+0	-1.00000E+0	3.99282E-2	1.73200E+0	3.60000E-10	5.52792E-3	NaN	-1.00000E+0	-1.00000E+0	-1.00000E+0
1.85914E+0	-1.00000E+0	-1.00000E+0	-1.00000E+0	-1.00000E+0	3.99592E-2	1.73200E+0	3.70000E-10	5.52753E-3	NaN	-1.00000E+0	-1.00000E+0	-1.00000E+0
1.91793E+0	-1.00000E+0	-1.00000E+0	-1.00000E+0	-1.00000E+0	3.99658E-2	1.73200E+0	3.80000E-10	5.52774E-3	NaN	-1.00000E+0	-1.00000E+0	-1.00000E+0
1.97968E+0	-1.00000E+0	-1.00000E+0	-1.00000E+0	-1.00000E+0	3.99705E-2	1.73200E+0	3.90000E-10	5.52829E-3	NaN	-1.00000E+0	-1.00000E+0	-1.00000E+0
2.04792E+0	-1.00000E+0	-1.00000E+0	-1.00000E+0	-1.00000E+0	3.99605E-2	1.73200E+0	4.00000E-10	5.52825E-3	NaN	-1.00000E+0	-1.00000E+0	-1.00000E+0
2.11030E+0	-1.00000E+0	-1.00000E+0	-1.00000E+0	-1.00000E+0	3.99763E-2	1.73200E+0	4.10000E-10	5.52806E-3	NaN	-1.00000E+0	-1.00000E+0	-1.00000E+0
2.17159E+0	-1.00000E+0	-1.00000E+0	-1.00000E+0	-1.00000E+0	3.98065E-2	1.73200E+0	4.20000E-10	5.52834E-3	NaN	-1.00000E+0	-1.00000E+0	-1.00000E+0
2.26045E+0	-1.00000E+0	-1.00000E+0	-1.00000E+0	-1.00000E+0	3.99225E-2	1.73200E+0	4.30000E-10	5.52852E-3	NaN	-1.00000E+0	-1.00000E+0	-1.00000E+0
2.30213E+0	-1.00000E+0	-1.00000E+0	-1.00000E+0	-1.00000E+0	3.99712E-2	1.73200E+0	4.40000E-10	5.52827E-3	NaN	-1.00000E+0	-1.00000E+0	-1.00000E+0
2.33742E+0	-1.00000E+0	-1.00000E+0	-1.00000E+0	-1.00000E+0	3.99699E-2	1.73200E+0	4.50000E-10	5.52896E-3	NaN	-1.00000E+0	-1.00000E+0	-1.00000E+0
2.39872E+0	-1.00000E+0	-1.00000E+0	-1.00000E+0	-1.00000E+0	3.98329E-2	1.73200E+0	4.60000E-10	5.52926E-3	NaN	-1.00000E+0	-1.00000E+0	-1.00000E+0
2.45667E+0	-1.00000E+0	-1.00000E+0	-1.00000E+0	-1.00000E+0	3.98879E-2	1.73200E+0	4.70000E-10	5.52899E-3	NaN	-1.00000E+0	-1.00000E+0	-1.00000E+0
2.52179E+0	-1.00000E+0	-1.00000E+0	-1.00000E+0	-1.00000E+0	4.00020E-2	1.73200E+0	4.80000E-10	5.52870E-3	NaN	-1.00000E+0	-1.00000E+0	-1.00000E+0
2.58458E+0	-1.00000E+0	-1.00000E+0	-1.00000E+0	-1.00000E+0	3.98829E-2	1.73200E+0	4.90000E-10	5.52886E-3	NaN	-1.00000E+0	-1.00000E+0	-1.00000E+0
2.61995E+0	-1.00000E+0	-1.00000E+0	-1.00000E+0	-1.00000E+0	3.99665E-2	1.73200E+0	5.00000E-10	5.52859E-3	NaN	-1.00000E+0	-1.00000E+0	-1.00000E+0
2.70692E+0	-1.00000E+0	-1.00000E+0	-1.00000E+0	-1.00000E+0	4.00935E-2	1.73200E+0	5.10000E-10	5.52891E-3	NaN	-1.00000E+0	-1.00000E+0	-1.00000E+0
2.76926E+0	-1.00000E+0	-1.00000E+0	-1.00000E+0	-1.00000E+0	3.98335E-2	1.73200E+0	5.20000E-10	5.52868E-3	NaN	-1.00000E+0	-1.00000E+0	-1.00000E+0
2.84540E+0	-1.00000E+0	-1.00000E+0	-1.00000E+0	-1.00000E+0	4.00030E-2	1.73200E+0	5.30000E-10	5.52929E-3	NaN	-1.00000E+0	-1.00000E+0	-1.00000E+0
2.91360E+0	-1.00000E+0	-1.00000E+0	-1.00000E+0	-1.00000E+0	3.97302E-2	1.73200E+0	5.40000E-10	5.52929E-3	NaN	-1.00000E+0	-1.00000E+0	-1.00000E+0
2.94552E+0	-1.00000E+0	-1.00000E+0	-1.00000E+0	-1.00000E+0	3.99777E-2	1.73200E+0	5.50000E-10	5.52967E-3	NaN	-1.00000E+0	-1.00000E+0	-1.00000E+0
3.01062E+0	-1.00000E+0	-1.00000E+0	-1.00000E+0	-1.00000E+0	3.99003E-2	1.73200E+0	5.60000E-10	5.52941E-3	NaN	-1.00000E+0	-1.00000E+0	-1.00000E+0
3.06189E+0	-1.00000E+0	-1.00000E+0	-1.00000E+0	-1.00000E+0	3.97919E-2	1.73200E+0	5.70000E-10	5.52990E-3	NaN	-1.00000E+0	-1.00000E+0	-1.00000E+0
3.08484E+0	-1.00000E+0	-1.00000E+0	-1.00000E+0	-1.00000E+0	3.98703E-2	1.73200E+0	5.80000E-10	5.53010E-3	NaN	-1.00000E+0	-1.00000E+0	-1.00000E+0
3.13575E+0	-1.00000E+0	-1.00000E+0	-1.00000E+0	-1.00000E+0	4.00082E-2	1.73200E+0	5.90000E-10	5.53012E-3	NaN	-1.00000E+0	-1.00000E+0	-1.00000E+0
3.20180E+0	-1.00000E+0	-1.00000E+0	-1.00000E+0	-1.00000E+0	3.99351E-2	1.73200E+0	6.00000E-10	5.53051E-3	NaN	-1.00000E+0	-1.00000E+0	-1.00000E+0
3.24159E+0	-1.00000E+0	-1.00000E+0	-1.00000E+0	-1.00000E+0	3.97603E-2	1.73200E+0	6.10000E-10	5.52978E-3	NaN	-1.00000E+0	-1.00000E+0	-1.00000E+0
3.28579E+0	-1.00000E+0	-1.00000E+0	-1.00000E+0	-1.00000E+0	3.99809E-2	1.73200E+0	6.20000E-10	5.53011E-3	NaN	-1.00000E+0	-1.00000E+0	-1.00000E+0
3.32967E+0	-1.00000E+0	-1.00000E+0	-1.00000E+0	-1.00000E+0	3.98487E-2	1.73200E+0	6.30000E-10	5.53055E-3	NaN	-1.00000E+0	-1.00000E+0	-1.00000E+0
3.38156E+0	-1.00000E+0	-1.00000E+0	-1.00000E+0	-1.00000E+0	3.98216E-2	1.73200E+0	6.40000E-10	5.53008E-3	NaN	-1.00000E+0	-1.00000E+0	-1.00000E+0
3.42575E+0	-1.00000E+0	-1.00000E+0	-1.00000E+0	-1.00000E+0	3.99506E-2	1.73200E+0	6.50000E-10	5.53027E-3	NaN	-1.00000E+0	-1.00000E+0	-1.00000E+0
3.47098E+0	-1.00000E+0	-1.00000E+0	-1.00000E+0	-1.00000E+0	3.99023E-2	1.73200E+0	6.60000E-10	5.53031E-3	NaN	-1.00000E+0	-1.00000E+0	-1.00000E+0
3.51265E+0	-1.00000E+0	-1.00000E+0	-1.00000E+0	-1.00000E+0	3.98803E-2	1.73200E+0	6.70000E-10	5.53102E-3	NaN	-1.00000E+0	-1.00000E+0	-1.00000E+0
3.57227E+0	-1.00000E+0	-1.00000E+0	-1.00000E+0	-1.00000E+0	3.98473E-2	1.73200E+0	6.80000E-10	5.53092E-3	NaN	-1.00000E+0	-1.00000E+0	-1.00000E+0
3.62851E+0	-1.00000E+0	-1.00000E+0	-1.00000E+0	-1.00000E+0	3.98648E-2	1.73200E+0	6.90000E-10	5.53091E-3	NaN	-1.00000E+0	-1.00000E+0	-1.00000E+0
3.69179E+0	-1.00000E+0	-1.00000E+0	-1.00000E+0	-1.00000E+0	3.99681E-2	1.73200E+0	7.00000E-10	5.53089E-3	NaN	-1.00000E+0	-1.00000E+0	-1.00000E+0
3.73366E+0	-1.00000E+0	-1.00000E+0	-1.00000E+0	-1.00000E+0	3.99994E-2	1.73200E+0	7.10000E-10	5.53092E-3	NaN	-1.00000E+0	-1.00000E+0	-1.00000E+0
3.78192E+0	-1.00000E+0	-1.00000E+0	-1.00000E+0	-1.00000E+0	3.99552E-2	1.73200E+0	7.20000E-10	5.53137E-3	NaN	-1.00000E+0	-1.00000E+0	-1.00000E+0
3.81615E+0	-1.00000E+0	-1.00000E+0	-1.00000E+0	-1.00000E+0	3.98004E-2	1.73200E+0	7.30000E-10	5.53123E-3	NaN	-1.00000E+0	-1.00000E+0	-1.00000E+0
3.87005E+0	-1.00000E+0	-1.00000E+0	-1.00000E+0	-1.00000E+0	4.00815E-2	1.73200E+0	7.40000E-10	5.53087E-3	NaN	-1.00000E+0	-1.00000E+0	-1.00000E+0
3.91932E+0	-1.00000E+0	-1.00000E+0	-1.00000E+0	-1.00000E+0	4.00479E-2	1.73200E+0	7.50000E-10	5.53122E-3	NaN	-1.00000E+0	-1.00000E+0	-1.00000E+0
3.94784E+0	-1.00000E+0	-1.00000E+0	-1.00000E+0	-1.00000E+0	4.01047E-2	1.73200E+0	7.60000E-10	5.53111E-3	NaN	-1.00000E+0	-1.00000E+0	-1.00000E+0
3.99998E+0	-1.00000E+0	-1.00000E+0	-1.00000E+0	-1.00000E+0	3.97362E-2	1.73200E+0	7.70000E-10	5.53169E-3	NaN	-1.00000E+0	-1.00000E+0	-1.00000E+0
4.06203E+0	-1.00000E+0	-1.00000E+0	-1.00000E+0	-1.00000E+0	3.98938E-2	1.73200E+0	7.80000E-10	5.53158E-3	NaN	-1.00000E+0	-1.00000E+0	-1.00000E+0
4.11890E+0	-1.00000E+0	-1.00000E+0	-1.00000E+0	-1.00000E+0	3.97636E-2	1.73200E+0	7.90000E-10	5.53177E-3	NaN	-1.00000E+0	-1.00000E+0	-1.00000E+0
4.16919E+0	-1.00000E+0	-1.00000E+0	-1.00000E+0	-1.00000E+0	4.00916E-2	1.73200E+0	8.00000E-10	5.53210E-3	NaN	-1.00000E+0	-1.00000E+0	-1.00000E+0
4.21194E+0	-1.00000E+0	-1.00000E+0	-1.00000E+0	-1.00000E+0	3.96403E-2	1.73200E+0	8.10000E-10	5.53144E-3	NaN	-1.00000E+0	-1.00000E+0	-1.00000E+0
4.25499E+0	-1.00000E+0	-1.00000E+0	-1.00000E+0	-1.00000E+0	3.99637E-2	1.73200E+0	8.20000E-10	5.53226E-3	NaN	-1.00000E+0	-1.00000E+0	-1.00000E+0
4.30361E+0	-1.00000E+0	-1.00000E+0	-1.00000E+0	-1.00000E+0	3.99907E-2	1.73200E+0	8.30000E-10	5.53202E-3	NaN	-1.00000E+0	-1.00000E+0	-1.00000E+0
4.34935E+0	-1.00000E+0	-1.00000E+0	-1.00000E+0	-1.00000E+0	3.98787E-2	1.73200E+0	8.40000E-10	5.53230E-3	NaN	-1.00000E+0	-1.00000E+0	-1.00000E+0
4.39797E+0	-1.00000E+0	-1.00000E+0	-1.00000E+0	-1.00000E+0	4.00404E-2	1.73200E+0	8.50000E-10	5.53210E-3	NaN	-1.00000E+0	-1.00000E+0	-1.00000E+0
4.42405E+0	-1.00000E+0	-1.00000E+0	-1.00000E+0	-1.00000E+0	3.99478E-2	1.73200E+0	8.60000E-10	5.53219E-3	NaN	-1.00000E+0	-1.00000E+0	-1.00000E+0
4.48394E+0	-1.00000E+0	-1.00000E+0	-1.00000E+0	-1.00000E+0	3.98565E-2	1.73200E+0	8.70000E-10	5.53228E-3	NaN	-1.00000E+0	-1.00000E+0	-1.00000E+0
4.53381E+0	-1.00000E+0	-1.00000E+0	-1.00000E+0	-1.00000E+0	3.99332E-2	1.73200E+0	8.80000E-10	5.53235E-3	NaN	-1.00000E+0	-1.00000E+0	-1.00000E+0
4.57885E+0	-1.00000E+0	-1.00000E+0	-1.00000E+0	-1.00000E+0	4.00433E-2	1.73200E+0	8.90000E-10	5.53255E-3	NaN	-1.00000E+0	-1.00000E+0	-1.00000E+0
4.63301E+0	-1.00000E+0	-1.00000E+0	-1.00000E+0	-1.00000E+0	3.99913E-2	1.73200E+0	9.00000E-10	5.53231E-3	NaN	-1.00000E+0	-1.00000E+0	-1.00000E+0
4.65403E+0	-1.00000E+0	-1.00000E+0	-1.00000E+0	-1.00000E+0	4.00357E-2	1.73200E+0	9.10000E-10	5.53269E-3	NaN	-1.00000E+0	-1.00000E+0	-1.00000E+0
4.70054E+0	-1.00000E+0	-1.00000E+0	-1.00000E+0	-1.00000E+0	3.97789E-2	1.73200E+0	9.20000E-10	5.53226E-3	NaN	-1.00000E+0	-1.00000E+0	-1.00000E+0
4.74642E+0	-1.00000E+0	-1.00000E+0	-1.00000E+0	-1.00000E+0	3.99852E-2	1.73200E+0	9.30000E-10	5.53251E-3	NaN	-1.00000E+0	-1.00000E+0	-1.00000E+0
4.77449E+0	-1.00000E+0	-1.00000E+0	-1.00000E+0	-1.00000E+0	3.98529E-2	1.73200E+0	9.40000E-10	5.53215E-3	NaN	-1.00000E+0	-1.00000E+0	-1.00000E+0
4.82276E+0	-1.00000E+0	-1.00000E+0	-1.00000E+0	-1.00000E+0	3.98964E-2	1.73200E+0	9.50000E-10	5.53240E-3	NaN	-1.00000E+0	-1.00000E+0	-1.00000E+0
4.87965E+0	-1.00000E+0	-1.00000E+0	-1.00000E+0	-1.00000E+0	3.97957E-2	1.73200E+0	9.60000E-10	5.53236E-3	NaN	-1.00000E+0	-1.00000E+0	-1.00000E+0
4.89906E+0	-1.00000E+0	-1.00000E+0	-1.00000E+0	-1.00000E+0	3.99911E-2	1.73200E+0	9.70000E-10	5.53255E-3	NaN	-1.00000E+0	-1.00000E+0	-1.00000E+0
4.95273E+0	-1.00000E+0	-1.00000E+0	-1.00000E+0	-1.00000E+0	3.99933E-2	1.73200E+0	9.80000E-10	5.53233E-3	NaN	-1.00000E+0	-1.00000E+0	-1.00000E+0
5.00889E+0	-1.00000E+0	-1.00000E+0	-1.00000E+0	-1.00000E+0	3.97827E-2	1.73200E+0	9.90000E-10	5.53228E-3	NaN	-1.00000E+0	-1.00000E+0	-1.00000E+0
5.06182E+0	-1.00000E+0	-1.00000E+0	-1.00000E+0	-1.00000E+0	4.00284E-2	1.73200E+0	1.00000E-9	5.53293E-3	NaN	-1.00000E+0	-1.00000E+0	-1.00000E+0
5.13001E+0	-1.00000E+0	-1.00000E+0	-1.00000E+0	-1.00000E+0	3.99444E-2	1.73200E+0	9.90000E-10	5.53192E-3	NaN	-1.00000E+0	-1.00000E+0	-1.00000E+0
5.15351E+0	-1.00000E+0	-1.00000E+0	-1.00000E+0	-1.00000E+0	4.01843E-2	1.73200E+0	9.80000E-10	5.53221E-3	NaN	-1.00000E+0	-1.00000E+0	-1.00000E+0
5.19626E+0	-1.00000E+0	-1.00000E+0	-1.00000E+0	-1.00000E+0	3.98739E-2	1.73200E+0	9.70000E-10	5.53153E-3	NaN	-1.00000E+0	-1.00000E+0	-1.00000E+0
5.25750E+0	-1.00000E+0	-1.00000E+0	-1.00000E+0	-1.00000E+0	4.00057E-2	1.73200E+0	9.60000E-10	5.53143E-3	NaN	-1.00000E+0	-1.00000E+0	-1.00000E+0
5.28444E+0	-1.00000E+0	-1.00000E+0	-1.00000E+0	-1.00000E+0	4.00307E-2	1.73200E+0	9.50000E-10	5.53120E-3	NaN	-1.00000E+0	-1.00000E+0	-1.00000E+0
5.34114E+0	-1.00000E+0	-1.00000E+0	-1.00000E+0	-1.00000E+0	4.00712E-2	1.73200E+0	9.40000E-10	5.53076E-3	NaN	-1.00000E+0	-1.00000E+0	-1.00000E+0
5.39083E+0	-1.00000E+0	-1.00000E+0	-1.00000E+0	-1.00000E+0	3.99543E-2	1.73200E+0	9.30000E-10	5.53053E-3	NaN	-1.00000E+0	-1.00000E+0	-1.00000E+0
5.43748E+0	-1.00000E+0	-1.00000E+0	-1.00000E+0	-1.00000E+0	3.99128E-2	1.73200E+0	9.20000E-10	5.53051E-3	NaN	-1.00000E+0	-1.00000E+0	-1.00000E+0
5.48118E+0	-1.00000E+0	-1.00000E+0	-1.00000E+0	-1.00000E+0	3.99753E-2	1.73200E+0	9.10000E-10	5.53029E-3	NaN	-1.00000E+0	-1.00000E+0	-1.00000E+0
5.50095E+0	-1.00000E+0	-1.00000E+0	-1.00000E+0	-1.00000E+0	4.00336E-2	1.73200E+0	9.00000E-10	5.53041E-3	NaN	-1.00000E+0	-1.00000E+0	-1.00000E+0
5.54765E+0	-1.00000E+0	-1.00000E+0	-1.00000E+0	-1.00000E+0	4.00248E-2	1.73200E+0	8.90000E-10	5.53033E-3	NaN	-1.00000E+0	-1.00000E+0	-1.00000E+0
5.59374E+0	-1.00000E+0	-1.00000E+0	-1.00000E+0	-1.00000E+0	3.97173E-2	1.73200E+0	8.80000E-10	5.53027E-3	NaN	-1.00000E+0	-1.00000E+0	-1.00000E+0
5.64037E+0	-1.00000E+0	-1.00000E+0	-1.00000E+0	-1.00000E+0	3.98988E-2	1.73200E+0	8.70000E-10	5.52970E-3	NaN	-1.00000E+0	-1.00000E+0	-1.00000E+0
5.68484E+0	-1.00000E+0	-1.00000E+0	-1.00000E+0	-1.00000E+0	4.00035E-2	1.73200E+0	8.60000E-10	5.52953E-3	NaN	-1.00000E+0	-1.00000E+0	-1.00000E+0
5.73543E+0	-1.00000E+0	-1.00000E+0	-1.00000E+0	-1.00000E+0	3.95785E-2	1.73200E+0	8.50000E-10	5.52936E-3	NaN	-1.00000E+0	-1.00000E+0	-1.00000E+0
5.78103E+0	-1.00000E+0	-1.00000E+0	-1.00000E+0	-1.00000E+0	3.99978E-2	1.73200E+0	8.40000E-10	5.52916E-3	NaN	-1.00000E+0	-1.00000E+0	-1.00000E+0
5.80673E+0	-1.00000E+0	-1.00000E+0	-1.00000E+0	-1.00000E+0	3.97306E-2	1.73200E+0	8.30000E-10	5.52887E-3	NaN	-1.00000E+0	-1.00000E+0	-1.00000E+0
5.85657E+0	-1.00000E+0	-1.00000E+0	-1.00000E+0	-1.00000E+0	3.97837E-2	1.73200E+0	8.20000E-10	5.52845E-3	NaN	-1.00000E+0	-1.00000E+0	-1.00000E+0
5.89037E+0	-1.00000E+0	-1.00000E+0	-1.00000E+0	-1.00000E+0	3.99223E-2	1.73200E+0	8.10000E-10	5.52870E-3	NaN	-1.00000E+0	-1.00000E+0	-1.00000E+0
5.91124E+0	-1.00000E+0	-1.00000E+0	-1.00000E+0	-1.00000E+0	3.97508E-2	1.73200E+0	8.00000E-10	5.52858E-3	NaN	-1.00000E+0	-1.00000E+0	-1.00000E+0
5.95101E+0	-1.00000E+0	-1.00000E+0	-1.00000E+0	-1.00000E+0	3.97439E-2	1.73200E+0	7.90000E-10	5.52809E-3	NaN	-1.00000E+0	-1.00000E+0	-1.00000E+0
5.99319E+0	-1.00000E+0	-1.00000E+0	-1.00000E+0	-1.00000E+0	3.98872E-2	1.73200E+0	7.80000E-10	5.52833E-3	NaN	-1.00000E+0	-1.00000E+0	-1.00000E+0
6.02308E+0	-1.00000E+0	-1.00000E+0	-1.00000E+0	-1.00000E+0	3.98216E-2	1.73200E+0	7.70000E-10	5.52761E-3	NaN	-1.00000E+0	-1.00000E+0	-1.00000E+0
6.06491E+0	-1.00000E+0	-1.00000E+0	-1.00000E+0	-1.00000E+0	3.98186E-2	1.73200E+0	7.60000E-10	5.52749E-3	NaN	-1.00000E+0	-1.00000E+0	-1.00000E+0
6.10593E+0	-1.00000E+0	-1.00000E+0	-1.00000E+0	-1.00000E+0	3.99217E-2	1.73200E+0	7.50000E-10	5.52767E-3	NaN	-1.00000E+0	-1.00000E+0	-1.00000E+0
6.12785E+0	-1.00000E+0	-1.00000E+0	-1.00000E+0	-1.00000E+0	3.98449E-2	1.73200E+0	7.40000E-10	5.52756E-3	NaN	-1.00000E+0	-1.00000E+0	-1.00000E+0
6.17447E+0	-1.00000E+0	-1.00000E+0	-1.00000E+0	-1.00000E+0	3.99730E-2	1.73200E+0	7.30000E-10	5.52730E-3	NaN	-1.00000E+0	-1.00000E+0	-1.00000E+0
6.21491E+0	-1.00000E+0	-1.00000E+0	-1.00000E+0	-1.00000E+0	3.99637E-2	1.73200E+0	7.20000E-10	5.52717E-3	NaN	-1.00000E+0	-1.00000E+0	-1.00000E+0
6.23686E+0	-1.00000E+0	-1.00000E+0	-1.00000E+0	-1.00000E+0	3.97964E-2	1.73200E+0	7.10000E-10	5.52659E-3	NaN	-1.00000E+0	-1.00000E+0	-1.00000E+0
6.27993E+0	-1.00000E+0	-1.00000E+0	-1.00000E+0	-1.00000E+0	3.99489E-2	1.73200E+0	7.00000E-10	5.52647E-3	NaN	-1.00000E+0	-1.00000E+0	-1.00000E+0
6.32845E+0	-1.00000E+0	-1.00000E+0	-1.00000E+0	-1.00000E+0	3.99394E-2	1.73200E+0	6.90000E-10	5.52621E-3	NaN	-1.00000E+0	-1.00000E+0	-1.00000E+0
6.35018E+0	-1.00000E+0	-1.00000E+0	-1.00000E+0	-1.00000E+0	3.99695E-2	1.73200E+0	6.80000E-10	5.52625E-3	NaN	-1.00000E+0	-1.00000E+0	-1.00000E+0
6.39307E+0	-1.00000E+0	-1.00000E+0	-1.00000E+0	-1.00000E+0	3.98754E-2	1.73200E+0	6.70000E-10	5.52586E-3	NaN	-1.00000E+0	-1.00000E+0	-1.00000E+0
6.41928E+0	-1.00000E+0	-1.00000E+0	-1.00000E+0	-1.00000E+0	3.97661E-2	1.73200E+0	6.60000E-10	5.52563E-3	NaN	-1.00000E+0	-1.00000E+0	-1.00000E+0
6.44180E+0	-1.00000E+0	-1.00000E+0	-1.00000E+0	-1.00000E+0	3.99780E-2	1.73200E+0	6.50000E-10	5.52526E-3	NaN	-1.00000E+0	-1.00000E+0	-1.00000E+0
6.49622E+0	-1.00000E+0	-1.00000E+0	-1.00000E+0	-1.00000E+0	3.99424E-2	1.73200E+0	6.40000E-10	5.52441E-3	NaN	-1.00000E+0	-1.00000E+0	-1.00000E+0
6.54839E+0	-1.00000E+0	-1.00000E+0	-1.00000E+0	-1.00000E+0	3.96531E-2	1.73200E+0	6.30000E-10	5.52464E-3	NaN	-1.00000E+0	-1.00000E+0	-1.00000E+0
6.59311E+0	-1.00000E+0	-1.00000E+0	-1.00000E+0	-1.00000E+0	3.96235E-2	1.73200E+0	6.20000E-10	5.52461E-3	NaN	-1.00000E+0	-1.00000E+0	-1.00000E+0
6.61530E+0	-1.00000E+0	-1.00000E+0	-1.00000E+0	-1.00000E+0	3.99799E-2	1.73200E+0	6.10000E-10	5.52394E-3	NaN	-1.00000E+0	-1.00000E+0	-1.00000E+0
6.66543E+0	-1.00000E+0	-1.00000E+0	-1.00000E+0	-1.00000E+0	3.97703E-2	1.73200E+0	6.00000E-10	5.52405E-3	NaN	-1.00000E+0	-1.00000E+0	-1.00000E+0
6.68938E+0	-1.00000E+0	-1.00000E+0	-1.00000E+0	-1.00000E+0	3.98076E-2	1.73200E+0	5.90000E-10	5.52397E-3	NaN	-1.00000E+0	-1.00000E+0	-1.00000E+0
6.71123E+0	-1.00000E+0	-1.00000E+0	-1.00000E+0	-1.00000E+0	3.98782E-2	1.73200E+0	5.80000E-10	5.52340E-3	NaN	-1.00000E+0	-1.00000E+0	-1.00000E+0
6.75427E+0	-1.00000E+0	-1.00000E+0	-1.00000E+0	-1.00000E+0	3.99676E-2	1.73200E+0	5.70000E-10	5.52303E-3	NaN	-1.00000E+0	-1.00000E+0	-1.00000E+0
6.79457E+0	-1.00000E+0	-1.00000E+0	-1.00000E+0	-1.00000E+0	3.96139E-2	1.73200E+0	5.60000E-10	5.52279E-3	NaN	-1.00000E+0	-1.00000E+0	-1.00000E+0
6.81446E+0	-1.00000E+0	-1.00000E+0	-1.00000E+0	-1.00000E+0	4.00241E-2	1.73200E+0	5.50000E-10	5.52267E-3	NaN	-1.00000E+0	-1.00000E+0	-1.00000E+0
6.85854E+0	-1.00000E+0	-1.00000E+0	-1.00000E+0	-1.00000E+0	3.98496E-2	1.73200E+0	5.40000E-10	5.52234E-3	NaN	-1.00000E+0	-1.00000E+0	-1.00000E+0
6.89053E+0	-1.00000E+0	-1.00000E+0	-1.00000E+0	-1.00000E+0	3.97933E-2	1.73200E+0	5.30000E-10	5.52210E-3	NaN	-1.00000E+0	-1.00000E+0	-1.00000E+0
6.91233E+0	-1.00000E+0	-1.00000E+0	-1.00000E+0	-1.00000E+0	3.99020E-2	1.73200E+0	5.20000E-10	5.52135E-3	NaN	-1.00000E+0	-1.00000E+0	-1.00000E+0
6.94668E+0	-1.00000E+0	-1.00000E+0	-1.00000E+0	-1.00000E+0	3.99870E-2	1.73200E+0	5.10000E-10	5.52142E-3	NaN	-1.00000E+0	-1.00000E+0	-1.00000E+0
6.98828E+0	-1.00000E+0	-1.00000E+0	-1.00000E+0	-1.00000E+0	3.98043E-2	1.73200E+0	5.00000E-10	5.52130E-3	NaN	-1.00000E+0	-1.00000E+0	-1.00000E+0
7.01745E+0	-1.00000E+0	-1.00000E+0	-1.00000E+0	-1.00000E+0	4.01460E-2	1.73200E+0	4.90000E-10	5.52090E-3	NaN	-1.00000E+0	-1.00000E+0	-1.00000E+0
7.06087E+0	-1.00000E+0	-1.00000E+0	-1.00000E+0	-1.00000E+0	3.98754E-2	1.73200E+0	4.80000E-10	5.52042E-3	NaN	-1.00000E+0	-1.00000E+0	-1.00000E+0
7.11034E+0	-1.00000E+0	-1.00000E+0	-1.00000E+0	-1.00000E+0	3.97733E-2	1.73200E+0	4.70000E-10	5.52025E-3	NaN	-1.00000E+0	-1.00000E+0	-1.00000E+0
7.13551E+0	-1.00000E+0	-1.00000E+0	-1.00000E+0	-1.00000E+0	3.97650E-2	1.73200E+0	4.60000E-10	5.51977E-3	NaN	-1.00000E+0	-1.00000E+0	-1.00000E+0
7.18308E+0	-1.00000E+0	-1.00000E+0	-1.00000E+0	-1.00000E+0	3.96715E-2	1.73200E+0	4.50000E-10	5.51980E-3	NaN	-1.00000E+0	-1.00000E+0	-1.00000E+0
7.23273E+0	-1.00000E+0	-1.00000E+0	-1.00000E+0	-1.00000E+0	3.97624E-2	1.73200E+0	4.40000E-10	5.51935E-3	NaN	-1.00000E+0	-1.00000E+0	-1.00000E+0
7.28940E+0	-1.00000E+0	-1.00000E+0	-1.00000E+0	-1.00000E+0	3.99338E-2	1.73200E+0	4.30000E-10	5.51885E-3	NaN	-1.00000E+0	-1.00000E+0	-1.00000E+0
7.33495E+0	-1.00000E+0	-1.00000E+0	-1.00000E+0	-1.00000E+0	4.00522E-2	1.73200E+0	4.20000E-10	5.51782E-3	NaN	-1.00000E+0	-1.00000E+0	-1.00000E+0
7.35549E+0	-1.00000E+0	-1.00000E+0	-1.00000E+0	-1.00000E+0	3.97305E-2	1.73200E+0	4.10000E-10	5.51855E-3	NaN	-1.00000E+0	-1.00000E+0	-1.00000E+0
7.40042E+0	-1.00000E+0	-1.00000E+0	-1.00000E+0	-1.00000E+0	3.99410E-2	1.73200E+0	4.00000E-10	5.51784E-3	NaN	-1.00000E+0	-1.00000E+0	-1.00000E+0
7.44219E+0	-1.00000E+0	-1.00000E+0	-1.00000E+0	-1.00000E+0	3.98658E-2	1.73200E+0	3.90000E-10	5.51796E-3	NaN	-1.00000E+0	-1.00000E+0	-1.00000E+0
7.46186E+0	-1.00000E+0	-1.00000E+0	-1.00000E+0	-1.00000E+0	3.98784E-2	1.73200E+0	3.80000E-10	5.51672E-3	NaN	-1.00000E+0	-1.00000E+0	-1.00000E+0
7.50713E+0	-1.00000E+0	-1.00000E+0	-1.00000E+0	-1.00000E+0	3.99427E-2	1.73200E+0	3.70000E-10	5.51597E-3	NaN	-1.00000E+0	-1.00000E+0	-1.00000E+0
7.54742E+0	-1.00000E+0	-1.00000E+0	-1.00000E+0	-1.00000E+0	3.97381E-2	1.73200E+0	3.60000E-10	5.51564E-3	NaN	-1.00000E+0	-1.00000E+0	-1.00000E+0
7.56672E+0	-1.00000E+0	-1.00000E+0	-1.00000E+0	-1.00000E+0	3.98057E-2	1.73200E+0	3.50000E-10	5.51575E-3	NaN	-1.00000E+0	-1.00000E+0	-1.00000E+0
7.60850E+0	-1.00000E+0	-1.00000E+0	-1.00000E+0	-1.00000E+0	4.00032E-2	1.73200E+0	3.40000E-10	5.51498E-3	NaN	-1.00000E+0	-1.00000E+0	-1.00000E+0
7.65662E+0	-1.00000E+0	-1.00000E+0	-1.00000E+0	-1.00000E+0	3.97218E-2	1.73200E+0	3.30000E-10	5.51446E-3	NaN	-1.00000E+0	-1.00000E+0	-1.00000E+0
7.67567E+0	-1.00000E+0	-1.00000E+0	-1.00000E+0	-1.00000E+0	3.97637E-2	1.73200E+0	3.20000E-10	5.51438E-3	NaN	-1.00000E+0	-1.00000E+0	-1.00000E+0
7.72137E+0	-1.00000E+0	-1.00000E+0	-1.00000E+0	-1.00000E+0	4.00814E-2	1.73200E+0	3.10000E-10	5.51378E-3	NaN	-1.00000E+0	-1.00000E+0	-1.00000E+0
7.76264E+0	-1.00000E+0	-1.00000E+0	-1.00000E+0	-1.00000E+0	3.98397E-2	1.73200E+0	3.00000E-10	5.51338E-3	NaN	-1.00000E+0	-1.00000E+0	-1.00000E+0
7.79778E+0	-1.00000E+0	-1.00000E+0	-1.00000E+0	-1.00000E+0	3.98627E-2	1.73200E+0	2.90000E-10	5.51302E-3	NaN	-1.00000E+0	-1.00000E+0	-1.00000E+0
7.82028E+0	-1.00000E+0	-1.00000E+0	-1.00000E+0	-1.00000E+0	3.96546E-2	1.73200E+0	2.80000E-10	5.51261E-3	NaN	-1.00000E+0	-1.00000E+0	-1.00000E+0
7.88973E+0	-1.00000E+0	-1.00000E+0	-1.00000E+0	-1.00000E+0	3.98038E-2	1.73200E+0	2.70000E-10	5.51098E-3	NaN	-1.00000E+0	-1.00000E+0	-1.00000E+0
7.92095E+0	-1.00000E+0	-1.00000E+0	-1.00000E+0	-1.00000E+0	3.97168E-2	1.73200E+0	2.60000E-10	5.51109E-3	NaN	-1.00000E+0	-1.00000E+0	-1.00000E+0
7.96651E+0	-1.00000E+0	-1.00000E+0	-1.00000E+0	-1.00000E+0	3.98821E-2	1.73200E+0	2.50000E-10	5.51074E-3	NaN	-1.00000E+0	-1.00000E+0	-1.00000E+0
8.00916E+0	-1.00000E+0	-1.00000E+0	-1.00000E+0	-1.00000E+0	3.98091E-2	1.73200E+0	2.40000E-10	5.50933E-3	NaN	-1.00000E+0	-1.00000E+0	-1.00000E+0
8.03053E+0	-1.00000E+0	-1.00000E+0	-1.00000E+0	-1.00000E+0	3.98262E-2	1.73200E+0	2.30000E-10	5.50929E-3	NaN	-1.00000E+0	-1.00000E+0	-1.00000E+0
8.07816E+0	-1.00000E+0	-1.00000E+0	-1.00000E+0	-1.00000E+0	3.99553E-2	1.73200E+0	2.20000E-10	5.50839E-3	NaN	-1.00000E+0	-1.00000E+0	-1.00000E+0
8.11048E+0	-1.00000E+0	-1.00000E+0	-1.00000E+0	-1.00000E+0	3.97917E-2	1.73200E+0	2.10000E-10	5.50653E-3	NaN	-1.00000E+0	-1.00000E+0	-1.00000E+0
8.13133E+0	-1.00000E+0	-1.00000E+0	-1.00000E+0	-1.00000E+0	3.99812E-2	1.73200E+0	2.00000E-10	5.50537E-3	NaN	-1.00000E+0	-1.00000E+0	-1.00000E+0
8.17607E+0	-1.00000E+0	-1.00000E+0	-1.00000E+0	-1.00000E+0	3.97223E-2	1.73200E+0	1.90000E-10	5.50543E-3	NaN	-1.00000E+0	-1.00000E+0	-1.00000E+0
8.22790E+0	-1.00000E+0	-1.00000E+0	-1.00000E+0	-1.00000E+0	3.99225E-2	1.73200E+0	1.80000E-10	5.50244E-3	NaN	-1.00000E+0	-1.00000E+0	-1.00000E+0
8.26342E+0	-1.00000E+0	-1.00000E+0	-1.00000E+0	-1.00000E+0	3.99400E-2	1.73200E+0	1.70000E-10	5.50073E-3	NaN	-1.00000E+0	-1.00000E+0	-1.00000E+0
8.30789E+0	-1.00000E+0	-1.00000E+0	-1.00000E+0	-1.00000E+0	3.96872E-2	1.73200E+0	1.60000E-10	5.49634E-3	NaN	-1.00000E+0	-1.00000E+0	-1.00000E+0
8.33346E+0	-1.00000E+0	-1.00000E+0	-1.00000E+0	-1.00000E+0	3.98645E-2	1.73200E+0	1.50000E-10	5.25365E-3	NaN	-1.00000E+0	-1.00000E+0	-1.00000E+0
8.38366E+0	-1.00000E+0	-1.00000E+0	-1.00000E+0	-1.00000E+0	3.99669E-2	1.73200E+0	1.40000E-10	5.22910E-3	NaN	-1.00000E+0	-1.00000E+0	-1.00000E+0
8.41743E+0	-1.00000E+0	-1.00000E+0	-1.00000E+0	-1.00000E+0	3.98472E-2	1.73200E+0	1.30000E-10	5.16969E-3	NaN	-1.00000E+0	-1.00000E+0	-1.00000E+0
8.44128E+0	-1.00000E+0	-1.00000E+0	-1.00000E+0	-1.00000E+0	3.97553E-2	1.73200E+0	1.20000E-10	5.12026E-3	NaN	-1.00000E+0	-1.00000E+0	-1.00000E+0
8.46462E+0	-1.00000E+0	-1.00000E+0	-1.00000E+0	-1.00000E+0	3.99216E-2	1.73200E+0	1.10000E-10	5.07587E-3	NaN	-1.00000E+0	-1.00000E+0	-1.00000E+0
8.48399E+0	-1.00000E+0	-1.00000E+0	-1.00000E+0	-1.00000E+0	3.98823E-2	1.73200E+0	1.00000E-10	4.67624E-3	NaN	-1.00000E+0	-1.00000E+0	-1.00000E+0
8.54559E+0	-1.00000E+0	-1.00000E+0	-1.00000E+0	-1.00000E+0	3.98966E-2	1.73200E+0	9.00000E-11	4.59241E-3	NaN	-1.00000E+0	-1.00000E+0	-1.00000E+0
8.57557E+0	-1.00000E+0	-1.00000E+0	-1.00000E+0	-1.00000E+0	4.01085E-2	1.73200E+0	8.00000E-11	4.44274E-3	NaN	-1.00000E+0	-1.00000E+0	-1.00000E+0
8.62148E+0	-1.00000E+0	-1.00000E+0	-1.00000E+0	-1.00000E+0	3.98396E-2	1.73200E+0	7.00000E-11	4.07786E-3	NaN	-1.00000E+0	-1.00000E+0	-1.00000E+0
8.66631E+0	-1.00000E+0	-1.00000E+0	-1.00000E+0	-1.00000E+0	3.99260E-2	1.73200E+0	6.00000E-11	3.04669E-3	NaN	-1.00000E+0	-1.00000E+0	-1.00000E+0
8.68675E+0	-1.00000E+0	-1.00000E+0	-1.00000E+0	-1.00000E+0	3.97208E-2	1.73200E+0	5.00000E-11	1.08461E-3	NaN	-1.00000E+0	-1.00000E+0	-1.00000E+0
8.75062E+0	-1.00000E+0	-1.00000E+0	-1.00000E+0	-1.00000E+0	3.99673E-2	1.73200E+0	4.00000E-11	-3.54585E-4	NaN	-1.00000E+0	-1.00000E+0	-1.00000E+0
8.82184E+0	-1.00000E+0	-1.00000E+0	-1.00000E+0	-1.00000E+0	3.97387E-2	1.73200E+0	3.00000E-11	-3.80318E-4	NaN	-1.00000E+0	-1.00000E+0	-1.00000E+0
8.84531E+0	-1.00000E+0	-1.00000E+0	-1.00000E+0	-1.00000E+0	3.98856E-2	1.73200E+0	2.00000E-11	-4.16688E-4	NaN	-1.00000E+0	-1.00000E+0	-1.00000E+0
8.90309E+0	-1.00000E+0	-1.00000E+0	-1.00000E+0	-1.00000E+0	3.99055E-2	1.73200E+0	1.00000E-11	-4.85707E-4	NaN	-1.00000E+0	-1.00000E+0	-1.00000E+0
8.97961E+0	-1.00000E+0	-1.00000E+0	-1.00000E+0	-1.00000E+0	3.98214E-2	1.73200E+0	0.00000E+0	-5.50911E-4	NaN	-1.00000E+0	-1.00000E+0	-1.00000E+0
9.01780E+0	-1.00000E+0	-1.00000E+0	-1.00000E+0	-1.00000E+0	3.97781E-2	1.73200E+0	-1.00000E-11	-6.05343E-4	NaN	-1.00000E+0	-1.00000E+0	-1.00000E+0
9.09139E+0	-1.00000E+0	-1.00000E+0	-1.00000E+0	-1.00000E+0	3.97951E-2	1.73200E+0	-2.00000E-11	-6.32898E-4	NaN	-1.00000E+0	-1.00000E+0	-1.00000E+0
9.19308E+0	-1.00000E+0	-1.00000E+0	-1.00000E+0	-1.00000E+0	3.98886E-2	1.73200E+0	-3.00000E-11	-7.17184E-4	NaN	-1.00000E+0	-1.00000E+0	-1.00000E+0
9.26871E+0	-1.00000E+0	-1.00000E+0	-1.00000E+0	-1.00000E+0	3.97443E-2	1.73200E+0	-4.00000E-11	-7.33030E-4	NaN	-1.00000E+0	-1.00000E+0	-1.00000E+0
9.33357E+0	-1.00000E+0	-1.00000E+0	-1.00000E+0	-1.00000E+0	3.98339E-2	1.73200E+0	-5.00000E-11	-7.66580E-4	NaN	-1.00000E+0	-1.00000E+0	-1.00000E+0
9.36987E+0	-1.00000E+0	-1.00000E+0	-1.00000E+0	-1.00000E+0	3.98363E-2	1.73200E+0	-6.00000E-11	-5.57343E-3	NaN	-1.00000E+0	-1.00000E+0	-1.00000E+0
9.44889E+0	-1.00000E+0	-1.00000E+0	-1.00000E+0	-1.00000E+0	3.97941E-2	1.73200E+0	-7.00000E-11	-5.61793E-3	NaN	-1.00000E+0	-1.00000E+0	-1.00000E+0
9.53520E+0	-1.00000E+0	-1.00000E+0	-1.00000E+0	-1.00000E+0	3.97817E-2	1.73200E+0	-8.00000E-11	-5.64215E-3	NaN	-1.00000E+0	-1.00000E+0	-1.00000E+0
9.60028E+0	-1.00000E+0	-1.00000E+0	-1.00000E+0	-1.00000E+0	3.97264E-2	1.73200E+0	-9.00000E-11	-5.66879E-3	NaN	-1.00000E+0	-1.00000E+0	-1.00000E+0
9.67165E+0	-1.00000E+0	-1.00000E+0	-1.00000E+0	-1.00000E+0	3.99376E-2	1.73200E+0	-1.00000E-10	-6.07306E-3	NaN	-1.00000E+0	-1.00000E+0	-1.00000E+0
9.71379E+0	-1.00000E+0	-1.00000E+0	-1.00000E+0	-1.00000E+0	3.99193E-2	1.73200E+0	-1.10000E-10	-6.09871E-3	NaN	-1.00000E+0	-1.00000E+0	-1.00000E+0
9.78029E+0	-1.00000E+0	-1.00000E+0	-1.00000E+0	-1.00000E+0	3.96137E-2	1.73200E+0	-1.20000E-10	-6.14647E-3	NaN	-1.00000E+0	-1.00000E+0	-1.00000E+0
9.84370E+0	-1.00000E+0	-1.00000E+0	-1.00000E+0	-1.00000E+0	3.98211E-2	1.73200E+0	-1.30000E-10	-6.34435E-3	NaN	-1.00000E+0	-1.00000E+0	-1.00000E+0
9.89047E+0	-1.00000E+0	-1.00000E+0	-1.00000E+0	-1.00000E+0	3.98693E-2	1.73200E+0	-1.40000E-10	-6.34858E-3	NaN	-1.00000E+0	-1.00000E+0	-1.00000E+0
9.97692E+0	-1.00000E+0	-1.00000E+0	-1.00000E+0	-1.00000E+0	3.97751E-2	1.73200E+0	-1.50000E-10	-6.34874E-3	NaN	-1.00000E+0	-1.00000E+0	-1.00000E+0
1.00506E+1	-1.00000E+0	-1.00000E+0	-1.00000E+0	-1.00000E+0	3.96439E-2	1.73200E+0	-1.60000E-10	-6.35066E-3	NaN	-1.00000E+0	-1.00000E+0	-1.00000E+0
1.00770E+1	-1.00000E+0	-1.00000E+0	-1.00000E+0	-1.00000E+0	3.98023E-2	1.73200E+0	-1.70000E-10	-6.35214E-3	NaN	-1.00000E+0	-1.00000E+0	-1.00000E+0
1.01320E+1	-1.00000E+0	-1.00000E+0	-1.00000E+0	-1.00000E+0	3.98590E-2	1.73200E+0	-1.80000E-10	-6.35377E-3	NaN	-1.00000E+0	-1.00000E+0	-1.00000E+0
1.01722E+1	-1.00000E+0	-1.00000E+0	-1.00000E+0	-1.00000E+0	3.99802E-2	1.73200E+0	-1.90000E-10	-6.35386E-3	NaN	-1.00000E+0	-1.00000E+0	-1.00000E+0
1.02010E+1	-1.00000E+0	-1.00000E+0	-1.00000E+0	-1.00000E+0	3.97375E-2	1.73200E+0	-2.00000E-10	-6.35430E-3	NaN	-1.00000E+0	-1.00000E+0	-1.00000E+0
1.02242E+1	-1.00000E+0	-1.00000E+0	-1.00000E+0	-1.00000E+0	3.98473E-2	1.73200E+0	-2.10000E-10	-6.35435E-3	NaN	-1.00000E+0	-1.00000E+0	-1.00000E+0
1.02467E+1	-1.00000E+0	-1.00000E+0	-1.00000E+0	-1.00000E+0	3.97950E-2	1.73200E+0	-2.20000E-10	-6.35535E-3	NaN	-1.00000E+0	-1.00000E+0	-1.00000E+0
1.02727E+1	-1.00000E+0	-1.00000E+0	-1.00000E+0	-1.00000E+0	3.96934E-2	1.73200E+0	-2.30000E-10	-6.35681E-3	NaN	-1.00000E+0	-1.00000E+0	-1.00000E+0
1.03153E+1	-1.00000E+0	-1.00000E+0	-1.00000E+0	-1.00000E+0	3.97766E-2	1.73200E+0	-2.40000E-10	-6.35727E-3	NaN	-1.00000E+0	-1.00000E+0	-1.00000E+0
1.03464E+1	-1.00000E+0	-1.00000E+0	-1.00000E+0	-1.00000E+0	3.97198E-2	1.73200E+0	-2.50000E-10	-6.35705E-3	NaN	-1.00000E+0	-1.00000E+0	-1.00000E+0
1.03690E+1	-1.00000E+0	-1.00000E+0	-1.00000E+0	-1.00000E+0	3.98755E-2	1.73200E+0	-2.60000E-10	-6.35556E-3	NaN	-1.00000E+0	-1.00000E+0	-1.00000E+0
1.04257E+1	-1.00000E+0	-1.00000E+0	-1.00000E+0	-1.00000E+0	3.99871E-2	1.73200E+0	-2.70000E-10	-6.35848E-3	NaN	-1.00000E+0	-1.00000E+0	-1.00000E+0
1.04669E+1	-1.00000E+0	-1.00000E+0	-1.00000E+0	-1.00000E+0	3.97828E-2	1.73200E+0	-2.80000E-10	-6.35880E-3	NaN	-1.00000E+0	-1.00000E+0	-1.00000E+0
1.04980E+1	-1.00000E+0	-1.00000E+0	-1.00000E+0	-1.00000E+0	3.98214E-2	1.73200E+0	-2.90000E-10	-6.35865E-3	NaN	-1.00000E+0	-1.00000E+0	-1.00000E+0
1.05489E+1	-1.00000E+0	-1.00000E+0	-1.00000E+0	-1.00000E+0	3.96352E-2	1.73200E+0	-3.00000E-10	-6.35987E-3	NaN	-1.00000E+0	-1.00000E+0	-1.00000E+0
1.05894E+1	-1.00000E+0	-1.00000E+0	-1.00000E+0	-1.00000E+0	3.97927E-2	1.73200E+0	-3.10000E-10	-6.35880E-3	NaN	-1.00000E+0	-1.00000E+0	-1.00000E+0
1.06176E+1	-1.00000E+0	-1.00000E+0	-1.00000E+0	-1.00000E+0	3.96449E-2	1.73200E+0	-3.20000E-10	-6.35965E-3	NaN	-1.00000E+0	-1.00000E+0	-1.00000E+0
1.06402E+1	-1.00000E+0	-1.00000E+0	-1.00000E+0	-1.00000E+0	3.97878E-2	1.73200E+0	-3.30000E-10	-6.35970E-3	NaN	-1.00000E+0	-1.00000E+0	-1.00000E+0
1.06602E+1	-1.00000E+0	-1.00000E+0	-1.00000E+0	-1.00000E+0	3.96394E-2	1.73200E+0	-3.40000E-10	-6.35903E-3	NaN	-1.00000E+0	-1.00000E+0	-1.00000E+0
1.07211E+1	-1.00000E+0	-1.00000E+0	-1.00000E+0	-1.00000E+0	3.97757E-2	1.73200E+0	-3.50000E-10	-6.36024E-3	NaN	-1.00000E+0	-1.00000E+0	-1.00000E+0
1.07605E+1	-1.00000E+0	-1.00000E+0	-1.00000E+0	-1.00000E+0	3.96041E-2	1.73200E+0	-3.60000E-10	-6.36049E-3	NaN	-1.00000E+0	-1.00000E+0	-1.00000E+0
1.07812E+1	-1.00000E+0	-1.00000E+0	-1.00000E+0	-1.00000E+0	3.99558E-2	1.73200E+0	-3.70000E-10	-6.36113E-3	NaN	-1.00000E+0	-1.00000E+0	-1.00000E+0
1.08190E+1	-1.00000E+0	-1.00000E+0	-1.00000E+0	-1.00000E+0	3.97642E-2	1.73200E+0	-3.80000E-10	-6.36181E-3	NaN	-1.00000E+0	-1.00000E+0	-1.00000E+0
1.08620E+1	-1.00000E+0	-1.00000E+0	-1.00000E+0	-1.00000E+0	3.97231E-2	1.73200E+0	-3.90000E-10	-6.36103E-3	NaN	-1.00000E+0	-1.00000E+0	-1.00000E+0
1.08840E+1	-1.00000E+0	-1.00000E+0	-1.00000E+0	-1.00000E+0	3.97172E-2	1.73200E+0	-4.00000E-10	-6.36175E-3	NaN	-1.00000E+0	-1.00000E+0	-1.00000E+0
1.09055E+1	-1.00000E+0	-1.00000E+0	-1.00000E+0	-1.00000E+0	4.00000E-2	1.73200E+0	-4.10000E-10	-6.36192E-3	NaN	-1.00000E+0	-1.00000E+0	-1.00000E+0
1.09267E+1	-1.00000E+0	-1.00000E+0	-1.00000E+0	-1.00000E+0	3.98969E-2	1.73200E+0	-4.20000E-10	-6.36268E-3	NaN	-1.00000E+0	-1.00000E+0	-1.00000E+0
1.09483E+1	-1.00000E+0	-1.00000E+0	-1.00000E+0	-1.00000E+0	3.97057E-2	1.73200E+0	-4.30000E-10	-6.36175E-3	NaN	-1.00000E+0	-1.00000E+0	-1.00000E+0
1.10099E+1	-1.00000E+0	-1.00000E+0	-1.00000E+0	-1.00000E+0	3.97867E-2	1.73200E+0	-4.40000E-10	-6.36240E-3	NaN	-1.00000E+0	-1.00000E+0	-1.00000E+0
1.10501E+1	-1.00000E+0	-1.00000E+0	-1.00000E+0	-1.00000E+0	3.99153E-2	1.73200E+0	-4.50000E-10	-6.36396E-3	NaN	-1.00000E+0	-1.00000E+0	-1.00000E+0
1.10741E+1	-1.00000E+0	-1.00000E+0	-1.00000E+0	-1.00000E+0	3.98432E-2	1.73200E+0	-4.60000E-10	-6.36299E-3	NaN	-1.00000E+0	-1.00000E+0	-1.00000E+0
1.11026E+1	-1.00000E+0	-1.00000E+0	-1.00000E+0	-1.00000E+0	3.97077E-2	1.73200E+0	-4.70000E-10	-6.36323E-3	NaN	-1.00000E+0	-1.00000E+0	-1.00000E+0
1.11252E+1	-1.00000E+0	-1.00000E+0	-1.00000E+0	-1.00000E+0	3.96727E-2	1.73200E+0	-4.80000E-10	-6.36418E-3	NaN	-1.00000E+0	-1.00000E+0	-1.00000E+0
1.11720E+1	-1.00000E+0	-1.00000E+0	-1.00000E+0	-1.00000E+0	3.98124E-2	1.73200E+0	-4.90000E-10	-6.36426E-3	NaN	-1.00000E+0	-1.00000E+0	-1.00000E+0
1.12032E+1	-1.00000E+0	-1.00000E+0	-1.00000E+0	-1.00000E+0	3.96610E-2	1.73200E+0	-5.00000E-10	-6.36387E-3	NaN	-1.00000E+0	-1.00000E+0	-1.00000E+0
1.12301E+1	-1.00000E+0	-1.00000E+0	-1.00000E+0	-1.00000E+0	3.98320E-2	1.73200E+0	-5.10000E-10	-6.36426E-3	NaN	-1.00000E+0	-1.00000E+0	-1.00000E+0
1.12711E+1	-1.00000E+0	-1.00000E+0	-1.00000E+0	-1.00000E+0	3.97924E-2	1.73200E+0	-5.20000E-10	-6.36394E-3	NaN	-1.00000E+0	-1.00000E+0	-1.00000E+0
1.13049E+1	-1.00000E+0	-1.00000E+0	-1.00000E+0	-1.00000E+0	3.96926E-2	1.73200E+0	-5.30000E-10	-6.36397E-3	NaN	-1.00000E+0	-1.00000E+0	-1.00000E+0
1.13528E+1	-1.00000E+0	-1.00000E+0	-1.00000E+0	-1.00000E+0	3.97113E-2	1.73200E+0	-5.40000E-10	-6.36555E-3	NaN	-1.00000E+0	-1.00000E+0	-1.00000E+0
1.13781E+1	-1.00000E+0	-1.00000E+0	-1.00000E+0	-1.00000E+0	3.97080E-2	1.73200E+0	-5.50000E-10	-6.36451E-3	NaN	-1.00000E+0	-1.00000E+0	-1.00000E+0
1.14241E+1	-1.00000E+0	-1.00000E+0	-1.00000E+0	-1.00000E+0	3.97196E-2	1.73200E+0	-5.60000E-10	-6.36514E-3	NaN	-1.00000E+0	-1.00000E+0	-1.00000E+0
1.14853E+1	-1.00000E+0	-1.00000E+0	-1.00000E+0	-1.00000E+0	3.98816E-2	1.73200E+0	-5.70000E-10	-6.36454E-3	NaN	-1.00000E+0	-1.00000E+0	-1.00000E+0
1.15119E+1	-1.00000E+0	-1.00000E+0	-1.00000E+0	-1.00000E+0	3.97594E-2	1.73200E+0	-5.80000E-10	-6.36618E-3	NaN	-1.00000E+0	-1.00000E+0	-1.00000E+0
1.15785E+1	-1.00000E+0	-1.00000E+0	-1.00000E+0	-1.00000E+0	3.96615E-2	1.73200E+0	-5.90000E-10	-6.36560E-3	NaN	-1.00000E+0	-1.00000E+0	-1.00000E+0
1.16453E+1	-1.00000E+0	-1.00000E+0	-1.00000E+0	-1.00000E+0	3.96617E-2	1.73200E+0	-6.00000E-10	-6.36715E-3	NaN	-1.00000E+0	-1.00000E+0	-1.00000E+0
1.16854E+1	-1.00000E+0	-1.00000E+0	-1.00000E+0	-1.00000E+0	3.96191E-2	1.73200E+0	-6.10000E-10	-6.36647E-3	NaN	-1.00000E+0	-1.00000E+0	-1.00000E+0
1.17575E+1	-1.00000E+0	-1.00000E+0	-1.00000E+0	-1.00000E+0	3.97765E-2	1.73200E+0	-6.20000E-10	-6.36652E-3	NaN	-1.00000E+0	-1.00000E+0	-1.00000E+0
1.18429E+1	-1.00000E+0	-1.00000E+0	-1.00000E+0	-1.00000E+0	3.99599E-2	1.73200E+0	-6.30000E-10	-6.36618E-3	NaN	-1.00000E+0	-1.00000E+0	-1.00000E+0
1.18753E+1	-1.00000E+0	-1.00000E+0	-1.00000E+0	-1.00000E+0	3.98001E-2	1.73200E+0	-6.40000E-10	-6.36660E-3	NaN	-1.00000E+0	-1.00000E+0	-1.00000E+0
1.19525E+1	-1.00000E+0	-1.00000E+0	-1.00000E+0	-1.00000E+0	3.98119E-2	1.73200E+0	-6.50000E-10	-6.36802E-3	NaN	-1.00000E+0	-1.00000E+0	-1.00000E+0
1.20409E+1	-1.00000E+0	-1.00000E+0	-1.00000E+0	-1.00000E+0	3.96891E-2	1.73200E+0	-6.60000E-10	-6.36710E-3	NaN	-1.00000E+0	-1.00000E+0	-1.00000E+0
1.20709E+1	-1.00000E+0	-1.00000E+0	-1.00000E+0	-1.00000E+0	3.99398E-2	1.73200E+0	-6.70000E-10	-6.36804E-3	NaN	-1.00000E+0	-1.00000E+0	-1.00000E+0
1.20992E+1	-1.00000E+0	-1.00000E+0	-1.00000E+0	-1.00000E+0	3.96930E-2	1.73200E+0	-6.80000E-10	-6.36767E-3	NaN	-1.00000E+0	-1.00000E+0	-1.00000E+0
1.21440E+1	-1.00000E+0	-1.00000E+0	-1.00000E+0	-1.00000E+0	3.97204E-2	1.73200E+0	-6.90000E-10	-6.36808E-3	NaN	-1.00000E+0	-1.00000E+0	-1.00000E+0
1.21809E+1	-1.00000E+0	-1.00000E+0	-1.00000E+0	-1.00000E+0	3.98633E-2	1.73200E+0	-7.00000E-10	-6.36901E-3	NaN	-1.00000E+0	-1.00000E+0	-1.00000E+0
1.22043E+1	-1.00000E+0	-1.00000E+0	-1.00000E+0	-1.00000E+0	3.97136E-2	1.73200E+0	-7.10000E-10	-6.36788E-3	NaN	-1.00000E+0	-1.00000E+0	-1.00000E+0
1.22678E+1	-1.00000E+0	-1.00000E+0	-1.00000E+0	-1.00000E+0	3.97910E-2	1.73200E+0	-7.20000E-10	-6.36799E-3	NaN	-1.00000E+0	-1.00000E+0	-1.00000E+0
1.23270E+1	-1.00000E+0	-1.00000E+0	-1.00000E+0	-1.00000E+0	3.96096E-2	1.73200E+0	-7.30000E-10	-6.36895E-3	NaN	-1.00000E+0	-1.00000E+0	-1.00000E+0
1.23765E+1	-1.00000E+0	-1.00000E+0	-1.00000E+0	-1.00000E+0	3.97363E-2	1.73200E+0	-7.40000E-10	-6.36916E-3	NaN	-1.00000E+0	-1.00000E+0	-1.00000E+0
1.24217E+1	-1.00000E+0	-1.00000E+0	-1.00000E+0	-1.00000E+0	3.97079E-2	1.73200E+0	-7.50000E-10	-6.36906E-3	NaN	-1.00000E+0	-1.00000E+0	-1.00000E+0
1.24633E+1	-1.00000E+0	-1.00000E+0	-1.00000E+0	-1.00000E+0	3.97199E-2	1.73200E+0	-7.60000E-10	-6.37008E-3	NaN	-1.00000E+0	-1.00000E+0	-1.00000E+0
1.25074E+1	-1.00000E+0	-1.00000E+0	-1.00000E+0	-1.00000E+0	3.95786E-2	1.73200E+0	-7.70000E-10	-6.37008E-3	NaN	-1.00000E+0	-1.00000E+0	-1.00000E+0
1.25571E+1	-1.00000E+0	-1.00000E+0	-1.00000E+0	-1.00000E+0	3.98427E-2	1.73200E+0	-7.80000E-10	-6.36948E-3	NaN	-1.00000E+0	-1.00000E+0	-1.00000E+0
1.25872E+1	-1.00000E+0	-1.00000E+0	-1.00000E+0	-1.00000E+0	3.98149E-2	1.73200E+0	-7.90000E-10	-6.36929E-3	NaN	-1.00000E+0	-1.00000E+0	-1.00000E+0
1.26415E+1	-1.00000E+0	-1.00000E+0	-1.00000E+0	-1.00000E+0	3.97781E-2	1.73200E+0	-8.00000E-10	-6.36973E-3	NaN	-1.00000E+0	-1.00000E+0	-1.00000E+0
1.26675E+1	-1.00000E+0	-1.00000E+0	-1.00000E+0	-1.00000E+0	3.97904E-2	1.73200E+0	-8.10000E-10	-6.37008E-3	NaN	-1.00000E+0	-1.00000E+0	-1.00000E+0
1.27135E+1	-1.00000E+0	-1.00000E+0	-1.00000E+0	-1.00000E+0	3.98353E-2	1.73200E+0	-8.20000E-10	-6.37059E-3	NaN	-1.00000E+0	-1.00000E+0	-1.00000E+0
1.27365E+1	-1.00000E+0	-1.00000E+0	-1.00000E+0	-1.00000E+0	3.96037E-2	1.73200E+0	-8.30000E-10	-6.37013E-3	NaN	-1.00000E+0	-1.00000E+0	-1.00000E+0
1.27575E+1	-1.00000E+0	-1.00000E+0	-1.00000E+0	-1.00000E+0	3.96964E-2	1.73200E+0	-8.40000E-10	-6.37039E-3	NaN	-1.00000E+0	-1.00000E+0	-1.00000E+0
1.27796E+1	-1.00000E+0	-1.00000E+0	-1.00000E+0	-1.00000E+0	3.98382E-2	1.73200E+0	-8.50000E-10	-6.36977E-3	NaN	-1.00000E+0	-1.00000E+0	-1.00000E+0
1.28021E+1	-1.00000E+0	-1.00000E+0	-1.00000E+0	-1.00000E+0	3.97458E-2	1.73200E+0	-8.60000E-10	-6.37095E-3	NaN	-1.00000E+0	-1.00000E+0	-1.00000E+0
1.28257E+1	-1.00000E+0	-1.00000E+0	-1.00000E+0	-1.00000E+0	3.96971E-2	1.73200E+0	-8.70000E-10	-6.37093E-3	NaN	-1.00000E+0	-1.00000E+0	-1.00000E+0
1.28446E+1	-1.00000E+0	-1.00000E+0	-1.00000E+0	-1.00000E+0	3.98923E-2	1.73200E+0	-8.80000E-10	-6.37143E-3	NaN	-1.00000E+0	-1.00000E+0	-1.00000E+0
1.28662E+1	-1.00000E+0	-1.00000E+0	-1.00000E+0	-1.00000E+0	3.98247E-2	1.73200E+0	-8.90000E-10	-6.37135E-3	NaN	-1.00000E+0	-1.00000E+0	-1.00000E+0
1.29279E+1	-1.00000E+0	-1.00000E+0	-1.00000E+0	-1.00000E+0	3.97572E-2	1.73200E+0	-9.00000E-10	-6.37174E-3	NaN	-1.00000E+0	-1.00000E+0	-1.00000E+0
1.29799E+1	-1.00000E+0	-1.00000E+0	-1.00000E+0	-1.00000E+0	3.97235E-2	1.73200E+0	-9.10000E-10	-6.37277E-3	NaN	-1.00000E+0	-1.00000E+0	-1.00000E+0
1.30260E+1	-1.00000E+0	-1.00000E+0	-1.00000E+0	-1.00000E+0	3.97338E-2	1.73200E+0	-9.20000E-10	-6.37305E-3	NaN	-1.00000E+0	-1.00000E+0	-1.00000E+0
1.30814E+1	-1.00000E+0	-1.00000E+0	-1.00000E+0	-1.00000E+0	3.97931E-2	1.73200E+0	-9.30000E-10	-6.37308E-3	NaN	-1.00000E+0	-1.00000E+0	-1.00000E+0
1.31080E+1	-1.00000E+0	-1.00000E+0	-1.00000E+0	-1.00000E+0	3.97548E-2	1.73200E+0	-9.40000E-10	-6.37325E-3	NaN	-1.00000E+0	-1.00000E+0	-1.00000E+0
1.31593E+1	-1.00000E+0	-1.00000E+0	-1.00000E+0	-1.00000E+0	3.96711E-2	1.73200E+0	-9.50000E-10	-6.37374E-3	NaN	-1.00000E+0	-1.00000E+0	-1.00000E+0
1.32051E+1	-1.00000E+0	-1.00000E+0	-1.00000E+0	-1.00000E+0	3.99745E-2	1.73200E+0	-9.60000E-10	-6.37396E-3	NaN	-1.00000E+0	-1.00000E+0	-1.00000E+0
1.32276E+1	-1.00000E+0	-1.00000E+0	-1.00000E+0	-1.00000E+0	3.95232E-2	1.73200E+0	-9.70000E-10	-6.37476E-3	NaN	-1.00000E+0	-1.00000E+0	-1.00000E+0
1.32750E+1	-1.00000E+0	-1.00000E+0	-1.00000E+0	-1.00000E+0	3.96947E-2	1.73200E+0	-9.80000E-10	-6.37382E-3	NaN	-1.00000E+0	-1.00000E+0	-1.00000E+0
1.33265E+1	-1.00000E+0	-1.00000E+0	-1.00000E+0	-1.00000E+0	3.99687E-2	1.73200E+0	-9.90000E-10	-6.37416E-3	NaN	-1.00000E+0	-1.00000E+0	-1.00000E+0
1.33463E+1	-1.00000E+0	-1.00000E+0	-1.00000E+0	-1.00000E+0	3.96820E-2	1.73200E+0	-1.00000E-9	-6.37457E-3	NaN	-1.00000E+0	-1.00000E+0	-1.00000E+0
1.33935E+1	-1.00000E+0	-1.00000E+0	-1.00000E+0	-1.00000E+0	3.96341E-2	1.73200E+0	-9.90000E-10	-6.37447E-3	NaN	-1.00000E+0	-1.00000E+0	-1.00000E+0
1.34465E+1	-1.00000E+0	-1.00000E+0	-1.00000E+0	-1.00000E+0	3.97312E-2	1.73200E+0	-9.80000E-10	-6.37491E-3	NaN	-1.00000E+0	-1.00000E+0	-1.00000E+0
1.35023E+1	-1.00000E+0	-1.00000E+0	-1.00000E+0	-1.00000E+0	3.97568E-2	1.73200E+0	-9.70000E-10	-6.37368E-3	NaN	-1.00000E+0	-1.00000E+0	-1.00000E+0
1.35412E+1	-1.00000E+0	-1.00000E+0	-1.00000E+0	-1.00000E+0	3.97663E-2	1.73200E+0	-9.60000E-10	-6.37414E-3	NaN	-1.00000E+0	-1.00000E+0	-1.00000E+0
1.35738E+1	-1.00000E+0	-1.00000E+0	-1.00000E+0	-1.00000E+0	4.00217E-2	1.73200E+0	-9.50000E-10	-6.37386E-3	NaN	-1.00000E+0	-1.00000E+0	-1.00000E+0
1.36266E+1	-1.00000E+0	-1.00000E+0	-1.00000E+0	-1.00000E+0	3.96655E-2	1.73200E+0	-9.40000E-10	-6.37463E-3	NaN	-1.00000E+0	-1.00000E+0	-1.00000E+0
1.36703E+1	-1.00000E+0	-1.00000E+0	-1.00000E+0	-1.00000E+0	3.99075E-2	1.73200E+0	-9.30000E-10	-6.37407E-3	NaN	-1.00000E+0	-1.00000E+0	-1.00000E+0
1.36915E+1	-1.00000E+0	-1.00000E+0	-1.00000E+0	-1.00000E+0	3.97941E-2	1.73200E+0	-9.20000E-10	-6.37421E-3	NaN	-1.00000E+0	-1.00000E+0	-1.00000E+0
1.37373E+1	-1.00000E+0	-1.00000E+0	-1.00000E+0	-1.00000E+0	3.96932E-2	1.73200E+0	-9.10000E-10	-6.37365E-3	NaN	-1.00000E+0	-1.00000E+0	-1.00000E+0
1.37843E+1	-1.00000E+0	-1.00000E+0	-1.00000E+0	-1.00000E+0	3.98423E-2	1.73200E+0	-9.00000E-10	-6.37371E-3	NaN	-1.00000E+0	-1.00000E+0	-1.00000E+0
1.38059E+1	-1.00000E+0	-1.00000E+0	-1.00000E+0	-1.00000E+0	3.97149E-2	1.73200E+0	-8.90000E-10	-6.37448E-3	NaN	-1.00000E+0	-1.00000E+0	-1.00000E+0
1.38551E+1	-1.00000E+0	-1.00000E+0	-1.00000E+0	-1.00000E+0	3.95979E-2	1.73200E+0	-8.80000E-10	-6.37358E-3	NaN	-1.00000E+0	-1.00000E+0	-1.00000E+0
1.39186E+1	-1.00000E+0	-1.00000E+0	-1.00000E+0	-1.00000E+0	3.97546E-2	1.73200E+0	-8.70000E-10	-6.37344E-3	NaN	-1.00000E+0	-1.00000E+0	-1.00000E+0
1.39451E+1	-1.00000E+0	-1.00000E+0	-1.00000E+0	-1.00000E+0	3.98498E-2	1.73200E+0	-8.60000E-10	-6.37319E-3	NaN	-1.00000E+0	-1.00000E+0	-1.00000E+0
1.39915E+1	-1.00000E+0	-1.00000E+0	-1.00000E+0	-1.00000E+0	3.97938E-2	1.73200E+0	-8.50000E-10	-6.37311E-3	NaN	-1.00000E+0	-1.00000E+0	-1.00000E+0
1.40176E+1	-1.00000E+0	-1.00000E+0	-1.00000E+0	-1.00000E+0	3.98356E-2	1.73200E+0	-8.40000E-10	-6.37349E-3	NaN	-1.00000E+0	-1.00000E+0	-1.00000E+0
1.40570E+1	-1.00000E+0	-1.00000E+0	-1.00000E+0	-1.00000E+0	3.97385E-2	1.73200E+0	-8.30000E-10	-6.37329E-3	NaN	-1.00000E+0	-1.00000E+0	-1.00000E+0
1.41069E+1	-1.00000E+0	-1.00000E+0	-1.00000E+0	-1.00000E+0	3.98992E-2	1.73200E+0	-8.20000E-10	-6.37290E-3	NaN	-1.00000E+0	-1.00000E+0	-1.00000E+0
1.41540E+1	-1.00000E+0	-1.00000E+0	-1.00000E+0	-1.00000E+0	3.99723E-2	1.73200E+0	-8.10000E-10	-6.37290E-3	NaN	-1.00000E+0	-1.00000E+0	-1.00000E+0
1.41791E+1	-1.00000E+0	-1.00000E+0	-1.00000E+0	-1.00000E+0	3.97745E-2	1.73200E+0	-8.00000E-10	-6.37323E-3	NaN	-1.00000E+0	-1.00000E+0	-1.00000E+0
1.42264E+1	-1.00000E+0	-1.00000E+0	-1.00000E+0	-1.00000E+0	3.96632E-2	1.73200E+0	-7.90000E-10	-6.37363E-3	NaN	-1.00000E+0	-1.00000E+0	-1.00000E+0
1.42718E+1	-1.00000E+0	-1.00000E+0	-1.00000E+0	-1.00000E+0	3.96467E-2	1.73200E+0	-7.80000E-10	-6.37350E-3	NaN	-1.00000E+0	-1.00000E+0	-1.00000E+0
1.42947E+1	-1.00000E+0	-1.00000E+0	-1.00000E+0	-1.00000E+0	3.98272E-2	1.73200E+0	-7.70000E-10	-6.37401E-3	NaN	-1.00000E+0	-1.00000E+0	-1.00000E+0
1.43426E+1	-1.00000E+0	-1.00000E+0	-1.00000E+0	-1.00000E+0	3.97383E-2	1.73200E+0	-7.60000E-10	-6.37276E-3	NaN	-1.00000E+0	-1.00000E+0	-1.00000E+0
1.43918E+1	-1.00000E+0	-1.00000E+0	-1.00000E+0	-1.00000E+0	3.96850E-2	1.73200E+0	-7.50000E-10	-6.37260E-3	NaN	-1.00000E+0	-1.00000E+0	-1.00000E+0
1.44495E+1	-1.00000E+0	-1.00000E+0	-1.00000E+0	-1.00000E+0	3.96984E-2	1.73200E+0	-7.40000E-10	-6.37350E-3	NaN	-1.00000E+0	-1.00000E+0	-1.00000E+0
1.45033E+1	-1.00000E+0	-1.00000E+0	-1.00000E+0	-1.00000E+0	3.97969E-2	1.73200E+0	-7.30000E-10	-6.37391E-3	NaN	-1.00000E+0	-1.00000E+0	-1.00000E+0
1.45261E+1	-1.00000E+0	-1.00000E+0	-1.00000E+0	-1.00000E+0	3.96256E-2	1.73200E+0	-7.20000E-10	-6.37200E-3	NaN	-1.00000E+0	-1.00000E+0	-1.00000E+0
1.45731E+1	-1.00000E+0	-1.00000E+0	-1.00000E+0	-1.00000E+0	3.96741E-2	1.73200E+0	-7.10000E-10	-6.37322E-3	NaN	-1.00000E+0	-1.00000E+0	-1.00000E+0
1.46206E+1	-1.00000E+0	-1.00000E+0	-1.00000E+0	-1.00000E+0	3.97653E-2	1.73200E+0	-7.00000E-10	-6.37251E-3	NaN	-1.00000E+0	-1.00000E+0	-1.00000E+0
1.46506E+1	-1.00000E+0	-1.00000E+0	-1.00000E+0	-1.00000E+0	3.96319E-2	1.73200E+0	-6.90000E-10	-6.37167E-3	NaN	-1.00000E+0	-1.00000E+0	-1.00000E+0
1.47103E+1	-1.00000E+0	-1.00000E+0	-1.00000E+0	-1.00000E+0	3.95863E-2	1.73200E+0	-6.80000E-10	-6.37141E-3	NaN	-1.00000E+0	-1.00000E+0	-1.00000E+0
1.47603E+1	-1.00000E+0	-1.00000E+0	-1.00000E+0	-1.00000E+0	3.98342E-2	1.73200E+0	-6.70000E-10	-6.37087E-3	NaN	-1.00000E+0	-1.00000E+0	-1.00000E+0
1.48008E+1	-1.00000E+0	-1.00000E+0	-1.00000E+0	-1.00000E+0	3.97246E-2	1.73200E+0	-6.60000E-10	-6.37183E-3	NaN	-1.00000E+0	-1.00000E+0	-1.00000E+0
1.48445E+1	-1.00000E+0	-1.00000E+0	-1.00000E+0	-1.00000E+0	3.98359E-2	1.73200E+0	-6.50000E-10	-6.37244E-3	NaN	-1.00000E+0	-1.00000E+0	-1.00000E+0
1.48752E+1	-1.00000E+0	-1.00000E+0	-1.00000E+0	-1.00000E+0	3.97603E-2	1.73200E+0	-6.40000E-10	-6.37063E-3	NaN	-1.00000E+0	-1.00000E+0	-1.00000E+0
1.49330E+1	-1.00000E+0	-1.00000E+0	-1.00000E+0	-1.00000E+0	3.98332E-2	1.73200E+0	-6.30000E-10	-6.37144E-3	NaN	-1.00000E+0	-1.00000E+0	-1.00000E+0
1.49850E+1	-1.00000E+0	-1.00000E+0	-1.00000E+0	-1.00000E+0	3.97264E-2	1.73200E+0	-6.20000E-10	-6.37115E-3	NaN	-1.00000E+0	-1.00000E+0	-1.00000E+0
1.50184E+1	-1.00000E+0	-1.00000E+0	-1.00000E+0	-1.00000E+0	3.97827E-2	1.73200E+0	-6.10000E-10	-6.37060E-3	NaN	-1.00000E+0	-1.00000E+0	-1.00000E+0
1.50491E+1	-1.00000E+0	-1.00000E+0	-1.00000E+0	-1.00000E+0	3.99159E-2	1.73200E+0	-6.00000E-10	-6.37059E-3	NaN	-1.00000E+0	-1.00000E+0	-1.00000E+0
1.50994E+1	-1.00000E+0	-1.00000E+0	-1.00000E+0	-1.00000E+0	3.97003E-2	1.73200E+0	-5.90000E-10	-6.37105E-3	NaN	-1.00000E+0	-1.00000E+0	-1.00000E+0
1.51389E+1	-1.00000E+0	-1.00000E+0	-1.00000E+0	-1.00000E+0	3.98944E-2	1.73200E+0	-5.80000E-10	-6.37066E-3	NaN	-1.00000E+0	-1.00000E+0	-1.00000E+0
1.51858E+1	-1.00000E+0	-1.00000E+0	-1.00000E+0	-1.00000E+0	3.96646E-2	1.73200E+0	-5.70000E-10	-6.37091E-3	NaN	-1.00000E+0	-1.00000E+0	-1.00000E+0
1.52178E+1	-1.00000E+0	-1.00000E+0	-1.00000E+0	-1.00000E+0	3.97126E-2	1.73200E+0	-5.60000E-10	-6.36995E-3	NaN	-1.00000E+0	-1.00000E+0	-1.00000E+0
1.52663E+1	-1.00000E+0	-1.00000E+0	-1.00000E+0	-1.00000E+0	3.99718E-2	1.73200E+0	-5.50000E-10	-6.37028E-3	NaN	-1.00000E+0	-1.00000E+0	-1.00000E+0
1.53098E+1	-1.00000E+0	-1.00000E+0	-1.00000E+0	-1.00000E+0	3.97959E-2	1.73200E+0	-5.40000E-10	-6.37073E-3	NaN	-1.00000E+0	-1.00000E+0	-1.00000E+0
1.53337E+1	-1.00000E+0	-1.00000E+0	-1.00000E+0	-1.00000E+0	3.97680E-2	1.73200E+0	-5.30000E-10	-6.37078E-3	NaN	-1.00000E+0	-1.00000E+0	-1.00000E+0
1.53802E+1	-1.00000E+0	-1.00000E+0	-1.00000E+0	-1.00000E+0	3.97775E-2	1.73200E+0	-5.20000E-10	-6.37048E-3	NaN	-1.00000E+0	-1.00000E+0	-1.00000E+0
1.54285E+1	-1.00000E+0	-1.00000E+0	-1.00000E+0	-1.00000E+0	3.95754E-2	1.73200E+0	-5.10000E-10	-6.36978E-3	NaN	-1.00000E+0	-1.00000E+0	-1.00000E+0
1.54513E+1	-1.00000E+0	-1.00000E+0	-1.00000E+0	-1.00000E+0	3.97862E-2	1.73200E+0	-5.00000E-10	-6.36949E-3	NaN	-1.00000E+0	-1.00000E+0	-1.00000E+0
1.54746E+1	-1.00000E+0	-1.00000E+0	-1.00000E+0	-1.00000E+0	3.96599E-2	1.73200E+0	-4.90000E-10	-6.36968E-3	NaN	-1.00000E+0	-1.00000E+0	-1.00000E+0
1.55151E+1	-1.00000E+0	-1.00000E+0	-1.00000E+0	-1.00000E+0	3.97267E-2	1.73200E+0	-4.80000E-10	-6.36964E-3	NaN	-1.00000E+0	-1.00000E+0	-1.00000E+0
1.55343E+1	-1.00000E+0	-1.00000E+0	-1.00000E+0	-1.00000E+0	3.97357E-2	1.73200E+0	-4.70000E-10	-6.36913E-3	NaN	-1.00000E+0	-1.00000E+0	-1.00000E+0
1.55805E+1	-1.00000E+0	-1.00000E+0	-1.00000E+0	-1.00000E+0	3.98268E-2	1.73200E+0	-4.60000E-10	-6.36879E-3	NaN	-1.00000E+0	-1.00000E+0	-1.00000E+0
1.56227E+1	-1.00000E+0	-1.00000E+0	-1.00000E+0	-1.00000E+0	3.98530E-2	1.73200E+0	-4.50000E-10	-6.36932E-3	NaN	-1.00000E+0	-1.00000E+0	-1.00000E+0
1.56539E+1	-1.00000E+0	-1.00000E+0	-1.00000E+0	-1.00000E+0	3.97572E-2	1.73200E+0	-4.40000E-10	-6.36939E-3	NaN	-1.00000E+0	-1.00000E+0	-1.00000E+0
1.56933E+1	-1.00000E+0	-1.00000E+0	-1.00000E+0	-1.00000E+0	3.94627E-2	1.73200E+0	-4.30000E-10	-6.36957E-3	NaN	-1.00000E+0	-1.00000E+0	-1.00000E+0
1.57389E+1	-1.00000E+0	-1.00000E+0	-1.00000E+0	-1.00000E+0	3.96945E-2	1.73200E+0	-4.20000E-10	-6.36910E-3	NaN	-1.00000E+0	-1.00000E+0	-1.00000E+0
1.57996E+1	-1.00000E+0	-1.00000E+0	-1.00000E+0	-1.00000E+0	3.98052E-2	1.73200E+0	-4.10000E-10	-6.37005E-3	NaN	-1.00000E+0	-1.00000E+0	-1.00000E+0
1.58496E+1	-1.00000E+0	-1.00000E+0	-1.00000E+0	-1.00000E+0	3.97536E-2	1.73200E+0	-4.00000E-10	-6.36794E-3	NaN	-1.00000E+0	-1.00000E+0	-1.00000E+0
1.58890E+1	-1.00000E+0	-1.00000E+0	-1.00000E+0	-1.00000E+0	3.98126E-2	1.73200E+0	-3.90000E-10	-6.36875E-3	NaN	-1.00000E+0	-1.00000E+0	-1.00000E+0
1.59355E+1	-1.00000E+0	-1.00000E+0	-1.00000E+0	-1.00000E+0	3.96435E-2	1.73200E+0	-3.80000E-10	-6.36829E-3	NaN	-1.00000E+0	-1.00000E+0	-1.00000E+0
1.59561E+1	-1.00000E+0	-1.00000E+0	-1.00000E+0	-1.00000E+0	3.96526E-2	1.73200E+0	-3.70000E-10	-6.36860E-3	NaN	-1.00000E+0	-1.00000E+0	-1.00000E+0
1.59948E+1	-1.00000E+0	-1.00000E+0	-1.00000E+0	-1.00000E+0	3.97243E-2	1.73200E+0	-3.60000E-10	-6.36838E-3	NaN	-1.00000E+0	-1.00000E+0	-1.00000E+0
1.60390E+1	-1.00000E+0	-1.00000E+0	-1.00000E+0	-1.00000E+0	3.97734E-2	1.73200E+0	-3.50000E-10	-6.36751E-3	NaN	-1.00000E+0	-1.00000E+0	-1.00000E+0
1.60621E+1	-1.00000E+0	-1.00000E+0	-1.00000E+0	-1.00000E+0	3.96488E-2	1.73200E+0	-3.40000E-10	-6.36730E-3	NaN	-1.00000E+0	-1.00000E+0	-1.00000E+0
1.61136E+1	-1.00000E+0	-1.00000E+0	-1.00000E+0	-1.00000E+0	3.98591E-2	1.73200E+0	-3.30000E-10	-6.36669E-3	NaN	-1.00000E+0	-1.00000E+0	-1.00000E+0
1.61668E+1	-1.00000E+0	-1.00000E+0	-1.00000E+0	-1.00000E+0	3.97796E-2	1.73200E+0	-3.20000E-10	-6.36615E-3	NaN	-1.00000E+0	-1.00000E+0	-1.00000E+0
1.61875E+1	-1.00000E+0	-1.00000E+0	-1.00000E+0	-1.00000E+0	3.97732E-2	1.73200E+0	-3.10000E-10	-6.36824E-3	NaN	-1.00000E+0	-1.00000E+0	-1.00000E+0
1.62239E+1	-1.00000E+0	-1.00000E+0	-1.00000E+0	-1.00000E+0	3.97108E-2	1.73200E+0	-3.00000E-10	-6.36716E-3	NaN	-1.00000E+0	-1.00000E+0	-1.00000E+0
1.62688E+1	-1.00000E+0	-1.00000E+0	-1.00000E+0	-1.00000E+0	3.96323E-2	1.73200E+0	-2.90000E-10	-6.36568E-3	NaN	-1.00000E+0	-1.00000E+0	-1.00000E+0
1.62962E+1	-1.00000E+0	-1.00000E+0	-1.00000E+0	-1.00000E+0	3.98088E-2	1.73200E+0	-2.80000E-10	-6.36579E-3	NaN	-1.00000E+0	-1.00000E+0	-1.00000E+0
1.63443E+1	-1.00000E+0	-1.00000E+0	-1.00000E+0	-1.00000E+0	3.95534E-2	1.73200E+0	-2.70000E-10	-6.36611E-3	NaN	-1.00000E+0	-1.00000E+0	-1.00000E+0
1.63851E+1	-1.00000E+0	-1.00000E+0	-1.00000E+0	-1.00000E+0	3.96376E-2	1.73200E+0	-2.60000E-10	-6.36408E-3	NaN	-1.00000E+0	-1.00000E+0	-1.00000E+0
1.64060E+1	-1.00000E+0	-1.00000E+0	-1.00000E+0	-1.00000E+0	3.97272E-2	1.73200E+0	-2.50000E-10	-6.36650E-3	NaN	-1.00000E+0	-1.00000E+0	-1.00000E+0
1.64465E+1	-1.00000E+0	-1.00000E+0	-1.00000E+0	-1.00000E+0	3.98046E-2	1.73200E+0	-2.40000E-10	-6.36629E-3	NaN	-1.00000E+0	-1.00000E+0	-1.00000E+0
1.64873E+1	-1.00000E+0	-1.00000E+0	-1.00000E+0	-1.00000E+0	3.96579E-2	1.73200E+0	-2.30000E-10	-6.36353E-3	NaN	-1.00000E+0	-1.00000E+0	-1.00000E+0
1.65185E+1	-1.00000E+0	-1.00000E+0	-1.00000E+0	-1.00000E+0	3.96048E-2	1.73200E+0	-2.20000E-10	-6.36551E-3	NaN	-1.00000E+0	-1.00000E+0	-1.00000E+0
1.65662E+1	-1.00000E+0	-1.00000E+0	-1.00000E+0	-1.00000E+0	3.97683E-2	1.73200E+0	-2.10000E-10	-6.36383E-3	NaN	-1.00000E+0	-1.00000E+0	-1.00000E+0
1.66148E+1	-1.00000E+0	-1.00000E+0	-1.00000E+0	-1.00000E+0	3.97513E-2	1.73200E+0	-2.00000E-10	-6.36234E-3	NaN	-1.00000E+0	-1.00000E+0	-1.00000E+0
1.66628E+1	-1.00000E+0	-1.00000E+0	-1.00000E+0	-1.00000E+0	3.96821E-2	1.73200E+0	-1.90000E-10	-6.36334E-3	NaN	-1.00000E+0	-1.00000E+0	-1.00000E+0
1.67127E+1	-1.00000E+0	-1.00000E+0	-1.00000E+0	-1.00000E+0	3.98624E-2	1.73200E+0	-1.80000E-10	-6.36328E-3	NaN	-1.00000E+0	-1.00000E+0	-1.00000E+0
1.67686E+1	-1.00000E+0	-1.00000E+0	-1.00000E+0	-1.00000E+0	3.97243E-2	1.73200E+0	-1.70000E-10	-6.36259E-3	NaN	-1.00000E+0	-1.00000E+0	-1.00000E+0
1.68287E+1	-1.00000E+0	-1.00000E+0	-1.00000E+0	-1.00000E+0	3.97933E-2	1.73200E+0	-1.60000E-10	-6.36017E-3	NaN	-1.00000E+0	-1.00000E+0	-1.00000E+0
1.68786E+1	-1.00000E+0	-1.00000E+0	-1.00000E+0	-1.00000E+0	3.97433E-2	1.73200E+0	-1.50000E-10	-6.35904E-3	NaN	-1.00000E+0	-1.00000E+0	-1.00000E+0
1.69335E+1	-1.00000E+0	-1.00000E+0	-1.00000E+0	-1.00000E+0	3.97100E-2	1.73200E+0	-1.40000E-10	-6.35811E-3	NaN	-1.00000E+0	-1.00000E+0	-1.00000E+0
1.69802E+1	-1.00000E+0	-1.00000E+0	-1.00000E+0	-1.00000E+0	3.95358E-2	1.73200E+0	-1.30000E-10	-6.35386E-3	NaN	-1.00000E+0	-1.00000E+0	-1.00000E+0
1.70300E+1	-1.00000E+0	-1.00000E+0	-1.00000E+0	-1.00000E+0	3.97286E-2	1.73200E+0	-1.20000E-10	-6.34727E-3	NaN	-1.00000E+0	-1.00000E+0	-1.00000E+0
1.70803E+1	-1.00000E+0	-1.00000E+0	-1.00000E+0	-1.00000E+0	3.97059E-2	1.73200E+0	-1.10000E-10	-6.10862E-3	NaN	-1.00000E+0	-1.00000E+0	-1.00000E+0
1.71034E+1	-1.00000E+0	-1.00000E+0	-1.00000E+0	-1.00000E+0	3.97895E-2	1.73200E+0	-1.00000E-10	-6.08308E-3	NaN	-1.00000E+0	-1.00000E+0	-1.00000E+0
1.71460E+1	-1.00000E+0	-1.00000E+0	-1.00000E+0	-1.00000E+0	3.96991E-2	1.73200E+0	-9.00000E-11	-6.06388E-3	NaN	-1.00000E+0	-1.00000E+0	-1.00000E+0
1.72314E+1	-1.00000E+0	-1.00000E+0	-1.00000E+0	-1.00000E+0	3.98200E-2	1.73200E+0	-8.00000E-11	-6.03896E-3	NaN	-1.00000E+0	-1.00000E+0	-1.00000E+0
1.72734E+1	-1.00000E+0	-1.00000E+0	-1.00000E+0	-1.00000E+0	3.97449E-2	1.73200E+0	-7.00000E-11	-5.97553E-3	NaN	-1.00000E+0	-1.00000E+0	-1.00000E+0
1.73035E+1	-1.00000E+0	-1.00000E+0	-1.00000E+0	-1.00000E+0	3.96906E-2	1.73200E+0	-6.00000E-11	-5.58560E-3	NaN	-1.00000E+0	-1.00000E+0	-1.00000E+0
1.73561E+1	-1.00000E+0	-1.00000E+0	-1.00000E+0	-1.00000E+0	3.97436E-2	1.73200E+0	-5.00000E-11	-5.50529E-3	NaN	-1.00000E+0	-1.00000E+0	-1.00000E+0
1.73890E+1	-1.00000E+0	-1.00000E+0	-1.00000E+0	-1.00000E+0	3.95521E-2	1.73200E+0	-4.00000E-11	-5.37549E-3	NaN	-1.00000E+0	-1.00000E+0	-1.00000E+0
1.74339E+1	-1.00000E+0	-1.00000E+0	-1.00000E+0	-1.00000E+0	3.96563E-2	1.73200E+0	-3.00000E-11	-5.11410E-3	NaN	-1.00000E+0	-1.00000E+0	-1.00000E+0
1.74747E+1	-1.00000E+0	-1.00000E+0	-1.00000E+0	-1.00000E+0	3.96268E-2	1.73200E+0	-2.00000E-11	-4.50498E-3	NaN	-1.00000E+0	-1.00000E+0	-1.00000E+0
1.75172E+1	-1.00000E+0	-1.00000E+0	-1.00000E+0	-1.00000E+0	3.95111E-2	1.73200E+0	-1.00000E-11	-2.80474E-3	NaN	-1.00000E+0	-1.00000E+0	-1.00000E+0
1.75506E+1	-1.00000E+0	-1.00000E+0	-1.00000E+0	-1.00000E+0	3.96736E-2	1.73200E+0	0.00000E+0	-5.62437E-4	NaN	-1.00000E+0	-1.00000E+0	-1.00000E+0
