Freq (GHz)	del S21 (fW)
3.000000e+00	4.782769e+00
3.000312e+00	4.693876e+00
3.000625e+00	5.156640e+00
3.000937e+00	4.883126e+00
3.001249e+00	5.048117e+00
3.001562e+00	4.984918e+00
3.001874e+00	5.032880e+00
3.002186e+00	5.195944e+00
3.002498e+00	5.383882e+00
3.002811e+00	5.394332e+00
3.003123e+00	5.497067e+00
3.003435e+00	5.536851e+00
3.003748e+00	5.686057e+00
3.004060e+00	5.899468e+00
3.004372e+00	5.748741e+00
3.004685e+00	5.900015e+00
3.004997e+00	5.982254e+00
3.005309e+00	5.972988e+00
3.005621e+00	6.121226e+00
3.005934e+00	6.005522e+00
3.006246e+00	6.109503e+00
3.006558e+00	6.024527e+00
3.006871e+00	6.236155e+00
3.007183e+00	6.043356e+00
3.007495e+00	6.186442e+00
3.007808e+00	6.293588e+00
3.008120e+00	6.219316e+00
3.008432e+00	6.276448e+00
3.008745e+00	6.418521e+00
3.009057e+00	6.381318e+00
3.009369e+00	6.472831e+00
3.009681e+00	6.547265e+00
3.009994e+00	6.406479e+00
3.010306e+00	6.496206e+00
3.010618e+00	6.452210e+00
3.010931e+00	6.466761e+00
3.011243e+00	6.512499e+00
3.011555e+00	6.653530e+00
3.011868e+00	6.591839e+00
3.012180e+00	6.578099e+00
3.012492e+00	6.650742e+00
3.012804e+00	6.701311e+00
3.013117e+00	6.666021e+00
3.013429e+00	6.712993e+00
3.013741e+00	6.741309e+00
3.014054e+00	6.759461e+00
3.014366e+00	6.814437e+00
3.014678e+00	6.806542e+00
3.014991e+00	6.806979e+00
3.015303e+00	6.767626e+00
3.015615e+00	6.662161e+00
3.015928e+00	6.695075e+00
3.016240e+00	6.725845e+00
3.016552e+00	6.848407e+00
3.016864e+00	6.796802e+00
3.017177e+00	6.791638e+00
3.017489e+00	6.705492e+00
3.017801e+00	6.740914e+00
3.018114e+00	6.912855e+00
3.018426e+00	6.744250e+00
3.018738e+00	6.786054e+00
3.019051e+00	6.862851e+00
3.019363e+00	6.876773e+00
3.019675e+00	6.725049e+00
3.019988e+00	6.826780e+00
3.020300e+00	6.812568e+00
3.020612e+00	6.741744e+00
3.020924e+00	6.866212e+00
3.021237e+00	6.919387e+00
3.021549e+00	6.809585e+00
3.021861e+00	6.859436e+00
3.022174e+00	6.757660e+00
3.022486e+00	6.401268e+00
3.022798e+00	6.614997e+00
3.023111e+00	6.683790e+00
3.023423e+00	6.725231e+00
3.023735e+00	6.648201e+00
3.024047e+00	6.744874e+00
3.024360e+00	6.600917e+00
3.024672e+00	6.638065e+00
3.024984e+00	6.691989e+00
3.025297e+00	6.455539e+00
3.025609e+00	6.492234e+00
3.025921e+00	6.522665e+00
3.026234e+00	6.516991e+00
3.026546e+00	6.421678e+00
3.026858e+00	6.566990e+00
3.027171e+00	6.422149e+00
3.027483e+00	6.477013e+00
3.027795e+00	6.431681e+00
3.028107e+00	6.235454e+00
3.028420e+00	6.215134e+00
3.028732e+00	6.297895e+00
3.029044e+00	6.300907e+00
3.029357e+00	6.149468e+00
3.029669e+00	6.113910e+00
3.029981e+00	6.102960e+00
3.030294e+00	5.944576e+00
3.030606e+00	6.081061e+00
3.030918e+00	6.031961e+00
3.031230e+00	6.025181e+00
3.031543e+00	5.884521e+00
3.031855e+00	6.043565e+00
3.032167e+00	6.032784e+00
3.032480e+00	6.060125e+00
3.032792e+00	6.101823e+00
3.033104e+00	6.061595e+00
3.033417e+00	6.092852e+00
3.033729e+00	5.829095e+00
3.034041e+00	6.023057e+00
3.034354e+00	6.173809e+00
3.034666e+00	5.972859e+00
3.034978e+00	6.039395e+00
3.035290e+00	6.086219e+00
3.035603e+00	5.980938e+00
3.035915e+00	6.013941e+00
3.036227e+00	5.954153e+00
3.036540e+00	5.921241e+00
3.036852e+00	5.787048e+00
3.037164e+00	5.923698e+00
3.037477e+00	5.743546e+00
3.037789e+00	5.817167e+00
3.038101e+00	5.858365e+00
3.038413e+00	5.837724e+00
3.038726e+00	5.774030e+00
3.039038e+00	5.749881e+00
3.039350e+00	5.811943e+00
3.039663e+00	5.747492e+00
3.039975e+00	5.656223e+00
3.040287e+00	5.793238e+00
3.040600e+00	5.985295e+00
3.040912e+00	5.912707e+00
3.041224e+00	5.791604e+00
3.041537e+00	5.924185e+00
3.041849e+00	5.835278e+00
3.042161e+00	5.708732e+00
3.042473e+00	5.750289e+00
3.042786e+00	5.654558e+00
3.043098e+00	5.653059e+00
3.043410e+00	5.711045e+00
3.043723e+00	5.650333e+00
3.044035e+00	5.587224e+00
3.044347e+00	5.520728e+00
3.044660e+00	5.568986e+00
3.044972e+00	5.443337e+00
3.045284e+00	5.514142e+00
3.045597e+00	5.400099e+00
3.045909e+00	5.432696e+00
3.046221e+00	5.445859e+00
3.046533e+00	5.404393e+00
3.046846e+00	5.324534e+00
3.047158e+00	5.281044e+00
3.047470e+00	5.167418e+00
3.047783e+00	5.115249e+00
3.048095e+00	5.275348e+00
3.048407e+00	5.125725e+00
3.048720e+00	5.206969e+00
3.049032e+00	5.180169e+00
3.049344e+00	5.259923e+00
3.049656e+00	5.182169e+00
3.049969e+00	4.936897e+00
3.050281e+00	4.969508e+00
3.050593e+00	4.816741e+00
3.050906e+00	4.840771e+00
3.051218e+00	4.656308e+00
3.051530e+00	4.701895e+00
3.051843e+00	4.578253e+00
3.052155e+00	4.385037e+00
3.052467e+00	4.209632e+00
3.052780e+00	4.232601e+00
3.053092e+00	4.098190e+00
3.053404e+00	3.781169e+00
3.053716e+00	4.066583e+00
3.054029e+00	4.019991e+00
3.054341e+00	4.084093e+00
3.054653e+00	3.995634e+00
3.054966e+00	3.884898e+00
3.055278e+00	3.968161e+00
3.055590e+00	3.679936e+00
3.055903e+00	3.767841e+00
3.056215e+00	3.785471e+00
3.056527e+00	3.534501e+00
3.056839e+00	3.540658e+00
3.057152e+00	3.524643e+00
3.057464e+00	3.459384e+00
3.057776e+00	3.497491e+00
3.058089e+00	3.339490e+00
3.058401e+00	3.405597e+00
3.058713e+00	3.312555e+00
3.059026e+00	3.186423e+00
3.059338e+00	3.075202e+00
3.059650e+00	3.228762e+00
3.059963e+00	2.995689e+00
3.060275e+00	3.093347e+00
3.060587e+00	2.800693e+00
3.060899e+00	2.799358e+00
3.061212e+00	2.899481e+00
3.061524e+00	2.912861e+00
3.061836e+00	2.815097e+00
3.062149e+00	2.515875e+00
3.062461e+00	2.623244e+00
3.062773e+00	2.628001e+00
3.063086e+00	2.759921e+00
3.063398e+00	2.642353e+00
3.063710e+00	2.513632e+00
3.064022e+00	2.372439e+00
3.064335e+00	2.547317e+00
3.064647e+00	2.470452e+00
3.064959e+00	2.412369e+00
3.065272e+00	2.350805e+00
3.065584e+00	2.471045e+00
3.065896e+00	2.504490e+00
3.066209e+00	2.405322e+00
3.066521e+00	2.289044e+00
3.066833e+00	2.021327e+00
3.067146e+00	2.172269e+00
3.067458e+00	1.950218e+00
3.067770e+00	1.897977e+00
3.068082e+00	2.229575e+00
3.068395e+00	2.100991e+00
3.068707e+00	2.154199e+00
3.069019e+00	2.106698e+00
3.069332e+00	2.108878e+00
3.069644e+00	1.967504e+00
3.069956e+00	1.820925e+00
3.070269e+00	1.911070e+00
3.070581e+00	2.015278e+00
3.070893e+00	1.799260e+00
3.071205e+00	1.932271e+00
3.071518e+00	1.941344e+00
3.071830e+00	1.964623e+00
3.072142e+00	1.775082e+00
3.072455e+00	1.832551e+00
3.072767e+00	1.752804e+00
3.073079e+00	1.910022e+00
3.073392e+00	1.800741e+00
3.073704e+00	1.762440e+00
3.074016e+00	1.695137e+00
3.074329e+00	1.645707e+00
3.074641e+00	1.668585e+00
3.074953e+00	1.421699e+00
3.075265e+00	1.502222e+00
3.075578e+00	1.398513e+00
3.075890e+00	1.324392e+00
3.076202e+00	1.125865e+00
3.076515e+00	1.443657e+00
3.076827e+00	1.550900e+00
3.077139e+00	1.294648e+00
3.077452e+00	1.278005e+00
3.077764e+00	1.438064e+00
3.078076e+00	1.516985e+00
3.078389e+00	1.204312e+00
3.078701e+00	1.185182e+00
3.079013e+00	1.431596e+00
3.079325e+00	1.328192e+00
3.079638e+00	1.299073e+00
3.079950e+00	1.279455e+00
3.080262e+00	1.314527e+00
3.080575e+00	1.201116e+00
3.080887e+00	1.146656e+00
3.081199e+00	1.160844e+00
3.081512e+00	1.101633e+00
3.081824e+00	1.006677e+00
3.082136e+00	9.590875e-01
3.082448e+00	8.690292e-01
3.082761e+00	1.289003e+00
3.083073e+00	9.811838e-01
3.083385e+00	8.520065e-01
3.083698e+00	1.054399e+00
3.084010e+00	9.300973e-01
3.084322e+00	4.715698e-01
3.084635e+00	8.472955e-01
3.084947e+00	8.067601e-01
3.085259e+00	8.013806e-01
3.085572e+00	8.200957e-01
3.085884e+00	8.158761e-01
3.086196e+00	6.844219e-01
3.086508e+00	6.590267e-01
3.086821e+00	5.854192e-01
3.087133e+00	6.090331e-01
3.087445e+00	6.886331e-01
3.087758e+00	6.876003e-01
3.088070e+00	8.057043e-01
3.088382e+00	8.639020e-01
3.088695e+00	5.173274e-01
3.089007e+00	4.992636e-01
3.089319e+00	6.227623e-01
3.089631e+00	3.546980e-01
3.089944e+00	3.970825e-01
3.090256e+00	4.492145e-01
3.090568e+00	2.787582e-01
3.090881e+00	3.486064e-01
3.091193e+00	3.897369e-01
3.091505e+00	5.109640e-01
3.091818e+00	4.083856e-01
3.092130e+00	2.716596e-01
3.092442e+00	3.802355e-01
3.092755e+00	4.182649e-01
3.093067e+00	2.530290e-01
3.093379e+00	2.715075e-01
3.093691e+00	5.504174e-01
3.094004e+00	4.676176e-01
3.094316e+00	5.699822e-01
3.094628e+00	5.829036e-01
3.094941e+00	3.414347e-01
3.095253e+00	4.484727e-01
3.095565e+00	4.341333e-01
3.095878e+00	2.562942e-01
3.096190e+00	3.396003e-01
3.096502e+00	2.296415e-01
3.096814e+00	6.897051e-02
3.097127e+00	2.462678e-01
3.097439e+00	2.483096e-01
3.097751e+00	4.682474e-01
3.098064e+00	5.647601e-01
3.098376e+00	2.035797e-01
3.098688e+00	3.565092e-01
3.099001e+00	4.775171e-01
3.099313e+00	5.475196e-01
3.099625e+00	5.687200e-01
3.099938e+00	5.601229e-01
3.100250e+00	4.332674e-01
3.100562e+00	6.153061e-01
3.100874e+00	6.708351e-01
3.101187e+00	5.443946e-01
3.101499e+00	7.442573e-01
3.101811e+00	6.615074e-01
3.102124e+00	8.455138e-01
3.102436e+00	9.011420e-01
3.102748e+00	8.296405e-01
3.103061e+00	9.116646e-01
3.103373e+00	9.707888e-01
3.103685e+00	8.932933e-01
3.103998e+00	1.085611e+00
3.104310e+00	8.797751e-01
3.104622e+00	1.068026e+00
3.104934e+00	7.770828e-01
3.105247e+00	9.146993e-01
3.105559e+00	7.998942e-01
3.105871e+00	1.009284e+00
3.106184e+00	1.137205e+00
3.106496e+00	1.208924e+00
3.106808e+00	1.173199e+00
3.107121e+00	1.033547e+00
3.107433e+00	8.091230e-01
3.107745e+00	1.153634e+00
3.108057e+00	1.275328e+00
3.108370e+00	1.313196e+00
3.108682e+00	1.363010e+00
3.108994e+00	1.468070e+00
3.109307e+00	1.425417e+00
3.109619e+00	1.312622e+00
3.109931e+00	1.381154e+00
3.110244e+00	1.412437e+00
3.110556e+00	1.358791e+00
3.110868e+00	1.395265e+00
3.111181e+00	1.413830e+00
3.111493e+00	1.397845e+00
3.111805e+00	1.430620e+00
3.112117e+00	1.459904e+00
3.112430e+00	1.169487e+00
3.112742e+00	1.491820e+00
3.113054e+00	1.575625e+00
3.113367e+00	1.332724e+00
3.113679e+00	1.432301e+00
3.113991e+00	1.355687e+00
3.114304e+00	1.455108e+00
3.114616e+00	1.297257e+00
3.114928e+00	1.561283e+00
3.115240e+00	1.512092e+00
3.115553e+00	1.362102e+00
3.115865e+00	1.568954e+00
3.116177e+00	1.513839e+00
3.116490e+00	1.549956e+00
3.116802e+00	1.503968e+00
3.117114e+00	1.581857e+00
3.117427e+00	1.560718e+00
3.117739e+00	1.533785e+00
3.118051e+00	1.516024e+00
3.118364e+00	1.633739e+00
3.118676e+00	1.261652e+00
3.118988e+00	1.399977e+00
3.119300e+00	9.498700e-01
3.119613e+00	1.373221e+00
3.119925e+00	1.501609e+00
3.120237e+00	1.247582e+00
3.120550e+00	1.359820e+00
3.120862e+00	1.343972e+00
3.121174e+00	1.051621e+00
3.121487e+00	1.329268e+00
3.121799e+00	1.170702e+00
3.122111e+00	1.258587e+00
3.122423e+00	1.165634e+00
3.122736e+00	1.042597e+00
3.123048e+00	1.157547e+00
3.123360e+00	1.081126e+00
3.123673e+00	1.234084e+00
3.123985e+00	1.102517e+00
3.124297e+00	9.304305e-01
3.124610e+00	1.215707e+00
3.124922e+00	1.087569e+00
3.125234e+00	1.019522e+00
3.125547e+00	9.524997e-01
3.125859e+00	1.156251e+00
3.126171e+00	1.211760e+00
3.126483e+00	1.039523e+00
3.126796e+00	8.394439e-01
3.127108e+00	5.465983e-01
3.127420e+00	6.934151e-01
3.127733e+00	7.673653e-01
3.128045e+00	6.226082e-01
3.128357e+00	7.997420e-01
3.128670e+00	6.506732e-01
3.128982e+00	7.388555e-01
3.129294e+00	6.655130e-01
3.129606e+00	1.267402e+00
3.129919e+00	7.540620e-01
3.130231e+00	1.054772e+00
3.130543e+00	9.902467e-01
3.130856e+00	1.144245e+00
3.131168e+00	1.039204e+00
3.131480e+00	1.088726e+00
3.131793e+00	1.221993e+00
3.132105e+00	1.137179e+00
3.132417e+00	1.165091e+00
3.132730e+00	1.110696e+00
3.133042e+00	9.652154e-01
3.133354e+00	1.105799e+00
3.133666e+00	1.022480e+00
3.133979e+00	1.256252e+00
3.134291e+00	1.368364e+00
3.134603e+00	1.272316e+00
3.134916e+00	1.156681e+00
3.135228e+00	1.268621e+00
3.135540e+00	1.367417e+00
3.135853e+00	1.327852e+00
3.136165e+00	1.212455e+00
3.136477e+00	1.146633e+00
3.136790e+00	1.553034e+00
3.137102e+00	1.583567e+00
3.137414e+00	1.672849e+00
3.137726e+00	1.774575e+00
3.138039e+00	1.685558e+00
3.138351e+00	1.672906e+00
3.138663e+00	1.774282e+00
3.138976e+00	1.787892e+00
3.139288e+00	1.650308e+00
3.139600e+00	2.017193e+00
3.139913e+00	2.166199e+00
3.140225e+00	2.269782e+00
3.140537e+00	2.377951e+00
3.140849e+00	2.475999e+00
3.141162e+00	2.319078e+00
3.141474e+00	2.348092e+00
3.141786e+00	2.738965e+00
3.142099e+00	2.703028e+00
3.142411e+00	2.858822e+00
3.142723e+00	2.968853e+00
3.143036e+00	3.193339e+00
3.143348e+00	3.023915e+00
3.143660e+00	3.179513e+00
3.143973e+00	3.253364e+00
3.144285e+00	3.320533e+00
3.144597e+00	3.392725e+00
3.144909e+00	3.631933e+00
3.145222e+00	3.208371e+00
3.145534e+00	3.685433e+00
3.145846e+00	3.715993e+00
3.146159e+00	3.658762e+00
3.146471e+00	3.897073e+00
3.146783e+00	3.956929e+00
3.147096e+00	3.654021e+00
3.147408e+00	3.866920e+00
3.147720e+00	3.994075e+00
3.148032e+00	4.156855e+00
3.148345e+00	4.101325e+00
3.148657e+00	4.237068e+00
3.148969e+00	3.983344e+00
3.149282e+00	4.139783e+00
3.149594e+00	4.299418e+00
3.149906e+00	4.311170e+00
3.150219e+00	3.951835e+00
3.150531e+00	4.465659e+00
3.150843e+00	4.433478e+00
3.151156e+00	4.491285e+00
3.151468e+00	4.650505e+00
3.151780e+00	4.581856e+00
3.152092e+00	4.775832e+00
3.152405e+00	4.870760e+00
3.152717e+00	5.044040e+00
3.153029e+00	5.027655e+00
3.153342e+00	5.160519e+00
3.153654e+00	5.217122e+00
3.153966e+00	5.478855e+00
3.154279e+00	5.786068e+00
3.154591e+00	5.972773e+00
3.154903e+00	6.233440e+00
3.155215e+00	6.389971e+00
3.155528e+00	6.752768e+00
3.155840e+00	7.077375e+00
3.156152e+00	7.051933e+00
3.156465e+00	7.490210e+00
3.156777e+00	7.818823e+00
3.157089e+00	8.117592e+00
3.157402e+00	8.601641e+00
3.157714e+00	8.880986e+00
3.158026e+00	9.422926e+00
3.158339e+00	9.817989e+00
3.158651e+00	1.028866e+01
3.158963e+00	1.067232e+01
3.159275e+00	1.108907e+01
3.159588e+00	1.158629e+01
3.159900e+00	1.202426e+01
3.160212e+00	1.247833e+01
3.160525e+00	1.279835e+01
3.160837e+00	1.320004e+01
3.161149e+00	1.348136e+01
3.161462e+00	1.376141e+01
3.161774e+00	1.392173e+01
3.162086e+00	1.396222e+01
3.162399e+00	1.399783e+01
3.162711e+00	1.390231e+01
3.163023e+00	1.375586e+01
3.163335e+00	1.347899e+01
3.163648e+00	1.313625e+01
3.163960e+00	1.280028e+01
3.164272e+00	1.230027e+01
3.164585e+00	1.184079e+01
3.164897e+00	1.144444e+01
3.165209e+00	1.095162e+01
3.165522e+00	1.043570e+01
3.165834e+00	9.813973e+00
3.166146e+00	9.549448e+00
3.166458e+00	9.120008e+00
3.166771e+00	8.702797e+00
3.167083e+00	8.344269e+00
3.167395e+00	8.049926e+00
3.167708e+00	7.634053e+00
3.168020e+00	7.470662e+00
3.168332e+00	7.185058e+00
3.168645e+00	6.834136e+00
3.168957e+00	6.605062e+00
3.169269e+00	6.267864e+00
3.169582e+00	6.206783e+00
3.169894e+00	6.034854e+00
3.170206e+00	5.951028e+00
3.170518e+00	5.641475e+00
3.170831e+00	5.508373e+00
3.171143e+00	5.500764e+00
3.171455e+00	5.340878e+00
3.171768e+00	5.247046e+00
3.172080e+00	5.240432e+00
3.172392e+00	5.043099e+00
3.172705e+00	5.109149e+00
3.173017e+00	5.086387e+00
3.173329e+00	5.108791e+00
3.173641e+00	4.932922e+00
3.173954e+00	4.923595e+00
3.174266e+00	4.861771e+00
3.174578e+00	4.696116e+00
3.174891e+00	4.955703e+00
3.175203e+00	4.686386e+00
3.175515e+00	4.705177e+00
3.175828e+00	4.562428e+00
3.176140e+00	4.687617e+00
3.176452e+00	4.639059e+00
3.176765e+00	4.597054e+00
3.177077e+00	4.674667e+00
3.177389e+00	4.682451e+00
3.177701e+00	4.676118e+00
3.178014e+00	4.726358e+00
3.178326e+00	4.605886e+00
3.178638e+00	4.461821e+00
3.178951e+00	4.625054e+00
3.179263e+00	4.418305e+00
3.179575e+00	4.630091e+00
3.179888e+00	4.403737e+00
3.180200e+00	4.401555e+00
3.180512e+00	4.209751e+00
3.180824e+00	4.554670e+00
3.181137e+00	4.405848e+00
3.181449e+00	4.204274e+00
3.181761e+00	4.377484e+00
3.182074e+00	4.252486e+00
3.182386e+00	4.157693e+00
3.182698e+00	4.199362e+00
3.183011e+00	4.052565e+00
3.183323e+00	4.067926e+00
3.183635e+00	4.266109e+00
3.183948e+00	4.115630e+00
3.184260e+00	4.130960e+00
3.184572e+00	4.203171e+00
3.184884e+00	3.859840e+00
3.185197e+00	4.088546e+00
3.185509e+00	3.983887e+00
3.185821e+00	3.833953e+00
3.186134e+00	3.720399e+00
3.186446e+00	3.987436e+00
3.186758e+00	3.855567e+00
3.187071e+00	3.900360e+00
3.187383e+00	4.182409e+00
3.187695e+00	3.822145e+00
3.188007e+00	3.883974e+00
3.188320e+00	3.850744e+00
3.188632e+00	3.964148e+00
3.188944e+00	3.966249e+00
3.189257e+00	3.873563e+00
3.189569e+00	3.925813e+00
3.189881e+00	3.904673e+00
3.190194e+00	3.794211e+00
3.190506e+00	3.933201e+00
3.190818e+00	3.882958e+00
3.191131e+00	3.873439e+00
3.191443e+00	3.689361e+00
3.191755e+00	3.772436e+00
3.192067e+00	3.710469e+00
3.192380e+00	3.933497e+00
3.192692e+00	3.772584e+00
3.193004e+00	3.871093e+00
3.193317e+00	3.993561e+00
3.193629e+00	3.761488e+00
3.193941e+00	3.934164e+00
3.194254e+00	3.883803e+00
3.194566e+00	3.808695e+00
3.194878e+00	3.621898e+00
3.195191e+00	3.899956e+00
3.195503e+00	3.889399e+00
3.195815e+00	4.044852e+00
3.196127e+00	4.072607e+00
3.196440e+00	3.999628e+00
3.196752e+00	3.933765e+00
3.197064e+00	3.849982e+00
3.197377e+00	4.020455e+00
3.197689e+00	4.136338e+00
3.198001e+00	4.056471e+00
3.198314e+00	4.073821e+00
3.198626e+00	3.959374e+00
3.198938e+00	4.039400e+00
3.199250e+00	4.136064e+00
3.199563e+00	4.141752e+00
3.199875e+00	4.094328e+00
3.200187e+00	4.152480e+00
3.200500e+00	4.094019e+00
3.200812e+00	4.174760e+00
3.201124e+00	4.197821e+00
3.201437e+00	4.224307e+00
3.201749e+00	4.255053e+00
3.202061e+00	4.126568e+00
3.202374e+00	4.247216e+00
3.202686e+00	4.310220e+00
3.202998e+00	4.024852e+00
3.203310e+00	4.193100e+00
3.203623e+00	4.118515e+00
3.203935e+00	4.220639e+00
3.204247e+00	4.392655e+00
3.204560e+00	4.235648e+00
3.204872e+00	4.311105e+00
3.205184e+00	4.251393e+00
3.205497e+00	4.417283e+00
3.205809e+00	4.484100e+00
3.206121e+00	4.208430e+00
3.206433e+00	4.410790e+00
3.206746e+00	4.400402e+00
3.207058e+00	4.651298e+00
3.207370e+00	4.610985e+00
3.207683e+00	4.408223e+00
3.207995e+00	4.582497e+00
3.208307e+00	4.650744e+00
3.208620e+00	4.430539e+00
3.208932e+00	4.692007e+00
3.209244e+00	4.638407e+00
3.209557e+00	4.618539e+00
3.209869e+00	4.820039e+00
3.210181e+00	4.687360e+00
3.210493e+00	4.569001e+00
3.210806e+00	4.834044e+00
3.211118e+00	4.827456e+00
3.211430e+00	4.938108e+00
3.211743e+00	4.730316e+00
3.212055e+00	4.644386e+00
3.212367e+00	4.898228e+00
3.212680e+00	4.941569e+00
3.212992e+00	5.092748e+00
3.213304e+00	5.184759e+00
3.213616e+00	5.197256e+00
3.213929e+00	5.009059e+00
3.214241e+00	5.051890e+00
3.214553e+00	4.979104e+00
3.214866e+00	5.181391e+00
3.215178e+00	5.140975e+00
3.215490e+00	5.208573e+00
3.215803e+00	5.176659e+00
3.216115e+00	5.372941e+00
3.216427e+00	5.350393e+00
3.216740e+00	5.478255e+00
3.217052e+00	5.440976e+00
3.217364e+00	5.434391e+00
3.217676e+00	5.554451e+00
3.217989e+00	5.529858e+00
3.218301e+00	5.467373e+00
3.218613e+00	5.632926e+00
3.218926e+00	5.666798e+00
3.219238e+00	5.713041e+00
3.219550e+00	5.652352e+00
3.219863e+00	5.651721e+00
3.220175e+00	5.700497e+00
3.220487e+00	5.741380e+00
3.220800e+00	5.723713e+00
3.221112e+00	5.714570e+00
3.221424e+00	5.921614e+00
3.221736e+00	6.052639e+00
3.222049e+00	6.092728e+00
3.222361e+00	5.974933e+00
3.222673e+00	6.172351e+00
3.222986e+00	6.163295e+00
3.223298e+00	6.170642e+00
3.223610e+00	6.111647e+00
3.223923e+00	6.244939e+00
3.224235e+00	5.899907e+00
3.224547e+00	6.245870e+00
3.224859e+00	6.223360e+00
3.225172e+00	6.189595e+00
3.225484e+00	6.303785e+00
3.225796e+00	6.331390e+00
3.226109e+00	6.146062e+00
3.226421e+00	6.173266e+00
3.226733e+00	6.385901e+00
3.227046e+00	6.238317e+00
3.227358e+00	6.276412e+00
3.227670e+00	6.349617e+00
3.227983e+00	6.533507e+00
3.228295e+00	6.663961e+00
3.228607e+00	6.510698e+00
3.228919e+00	6.420411e+00
3.229232e+00	6.478763e+00
3.229544e+00	6.472572e+00
3.229856e+00	6.462365e+00
3.230169e+00	6.714425e+00
3.230481e+00	6.739029e+00
3.230793e+00	6.741133e+00
3.231106e+00	6.719138e+00
3.231418e+00	6.637098e+00
3.231730e+00	6.801198e+00
3.232042e+00	6.707126e+00
3.232355e+00	6.906617e+00
3.232667e+00	6.956241e+00
3.232979e+00	6.869868e+00
3.233292e+00	6.919857e+00
3.233604e+00	6.922208e+00
3.233916e+00	7.138997e+00
3.234229e+00	7.034470e+00
3.234541e+00	7.012743e+00
3.234853e+00	7.077130e+00
3.235166e+00	7.166412e+00
3.235478e+00	6.929036e+00
3.235790e+00	7.225547e+00
3.236102e+00	7.262023e+00
3.236415e+00	7.276645e+00
3.236727e+00	7.253872e+00
3.237039e+00	7.174673e+00
3.237352e+00	7.347049e+00
3.237664e+00	7.168979e+00
3.237976e+00	7.444463e+00
3.238289e+00	7.222170e+00
3.238601e+00	7.357956e+00
3.238913e+00	7.409095e+00
3.239225e+00	7.341795e+00
3.239538e+00	7.419395e+00
3.239850e+00	7.374359e+00
3.240162e+00	7.608338e+00
3.240475e+00	7.464738e+00
3.240787e+00	7.635994e+00
3.241099e+00	7.577269e+00
3.241412e+00	7.593296e+00
3.241724e+00	7.649773e+00
3.242036e+00	7.769983e+00
3.242349e+00	7.817708e+00
3.242661e+00	7.975413e+00
3.242973e+00	7.968314e+00
3.243285e+00	7.770800e+00
3.243598e+00	7.970517e+00
3.243910e+00	7.908473e+00
3.244222e+00	7.935126e+00
3.244535e+00	8.133577e+00
3.244847e+00	8.227547e+00
3.245159e+00	8.289828e+00
3.245472e+00	8.315880e+00
3.245784e+00	8.402717e+00
3.246096e+00	8.326500e+00
3.246408e+00	8.429013e+00
3.246721e+00	8.589889e+00
3.247033e+00	8.523260e+00
3.247345e+00	8.535844e+00
3.247658e+00	8.624125e+00
3.247970e+00	8.742834e+00
3.248282e+00	8.632551e+00
3.248595e+00	8.623221e+00
3.248907e+00	8.719432e+00
3.249219e+00	8.935416e+00
3.249532e+00	8.884921e+00
3.249844e+00	8.932238e+00
3.250156e+00	8.926209e+00
3.250468e+00	9.067242e+00
3.250781e+00	9.012507e+00
3.251093e+00	9.075041e+00
3.251405e+00	9.136595e+00
3.251718e+00	9.090702e+00
3.252030e+00	9.139624e+00
3.252342e+00	9.081493e+00
3.252655e+00	9.076230e+00
3.252967e+00	9.074049e+00
3.253279e+00	9.251070e+00
3.253592e+00	9.192372e+00
3.253904e+00	9.096088e+00
3.254216e+00	9.084871e+00
3.254528e+00	9.058010e+00
3.254841e+00	9.100439e+00
3.255153e+00	8.910702e+00
3.255465e+00	9.016339e+00
3.255778e+00	8.883423e+00
3.256090e+00	8.932786e+00
3.256402e+00	9.129304e+00
3.256715e+00	9.016194e+00
3.257027e+00	9.004840e+00
3.257339e+00	9.079002e+00
3.257651e+00	8.958128e+00
3.257964e+00	9.072465e+00
3.258276e+00	8.964373e+00
3.258588e+00	8.971717e+00
3.258901e+00	8.755274e+00
3.259213e+00	9.100422e+00
3.259525e+00	9.146676e+00
3.259838e+00	9.153732e+00
3.260150e+00	9.243537e+00
3.260462e+00	9.177627e+00
3.260775e+00	9.302978e+00
3.261087e+00	9.118570e+00
3.261399e+00	9.137318e+00
3.261711e+00	9.347166e+00
3.262024e+00	9.313607e+00
3.262336e+00	9.322204e+00
3.262648e+00	9.430519e+00
3.262961e+00	9.405728e+00
3.263273e+00	9.445529e+00
3.263585e+00	9.363136e+00
3.263898e+00	9.445605e+00
3.264210e+00	9.436361e+00
3.264522e+00	9.280212e+00
3.264834e+00	9.356981e+00
3.265147e+00	9.476984e+00
3.265459e+00	9.506394e+00
3.265771e+00	9.454182e+00
3.266084e+00	9.378231e+00
3.266396e+00	9.365204e+00
3.266708e+00	9.350851e+00
3.267021e+00	9.552098e+00
3.267333e+00	9.414322e+00
3.267645e+00	9.477272e+00
3.267958e+00	9.470651e+00
3.268270e+00	9.516378e+00
3.268582e+00	9.495323e+00
3.268894e+00	9.522431e+00
3.269207e+00	9.609380e+00
3.269519e+00	9.524098e+00
3.269831e+00	9.544123e+00
3.270144e+00	9.458000e+00
3.270456e+00	9.628931e+00
3.270768e+00	9.602220e+00
3.271081e+00	9.726039e+00
3.271393e+00	9.577019e+00
3.271705e+00	9.750354e+00
3.272017e+00	9.822054e+00
3.272330e+00	9.883414e+00
3.272642e+00	9.668659e+00
3.272954e+00	9.852004e+00
3.273267e+00	9.997635e+00
3.273579e+00	9.883045e+00
3.273891e+00	1.003899e+01
3.274204e+00	1.001010e+01
3.274516e+00	1.006144e+01
3.274828e+00	1.003102e+01
3.275141e+00	1.009733e+01
3.275453e+00	1.021107e+01
3.275765e+00	1.013626e+01
3.276077e+00	1.025654e+01
3.276390e+00	1.026898e+01
3.276702e+00	1.040400e+01
3.277014e+00	1.039657e+01
3.277327e+00	1.032088e+01
3.277639e+00	1.049222e+01
3.277951e+00	1.057813e+01
3.278264e+00	1.048435e+01
3.278576e+00	1.058329e+01
3.278888e+00	1.062731e+01
3.279200e+00	1.070587e+01
3.279513e+00	1.072871e+01
3.279825e+00	1.085638e+01
3.280137e+00	1.089436e+01
3.280450e+00	1.085420e+01
3.280762e+00	1.086549e+01
3.281074e+00	1.094863e+01
3.281387e+00	1.090410e+01
3.281699e+00	1.112083e+01
3.282011e+00	1.108361e+01
3.282324e+00	1.115421e+01
3.282636e+00	1.114186e+01
3.282948e+00	1.121139e+01
3.283260e+00	1.124761e+01
3.283573e+00	1.128541e+01
3.283885e+00	1.137171e+01
3.284197e+00	1.142075e+01
3.284510e+00	1.146112e+01
3.284822e+00	1.137518e+01
3.285134e+00	1.148014e+01
3.285447e+00	1.151974e+01
3.285759e+00	1.159966e+01
3.286071e+00	1.156417e+01
3.286384e+00	1.164372e+01
3.286696e+00	1.171619e+01
3.287008e+00	1.169129e+01
3.287320e+00	1.172721e+01
3.287633e+00	1.167030e+01
3.287945e+00	1.178699e+01
3.288257e+00	1.173412e+01
3.288570e+00	1.182065e+01
3.288882e+00	1.187501e+01
3.289194e+00	1.195461e+01
3.289507e+00	1.205771e+01
3.289819e+00	1.205664e+01
3.290131e+00	1.209916e+01
3.290443e+00	1.216567e+01
3.290756e+00	1.220025e+01
3.291068e+00	1.222765e+01
3.291380e+00	1.231942e+01
3.291693e+00	1.235641e+01
3.292005e+00	1.240954e+01
3.292317e+00	1.238337e+01
3.292630e+00	1.252809e+01
3.292942e+00	1.255526e+01
3.293254e+00	1.252206e+01
3.293567e+00	1.265330e+01
3.293879e+00	1.263168e+01
3.294191e+00	1.275800e+01
3.294503e+00	1.271352e+01
3.294816e+00	1.284226e+01
3.295128e+00	1.286224e+01
3.295440e+00	1.286547e+01
3.295753e+00	1.289425e+01
3.296065e+00	1.289402e+01
3.296377e+00	1.299935e+01
3.296690e+00	1.310895e+01
3.297002e+00	1.304969e+01
3.297314e+00	1.310942e+01
3.297626e+00	1.311652e+01
3.297939e+00	1.317951e+01
3.298251e+00	1.324411e+01
3.298563e+00	1.321553e+01
3.298876e+00	1.327265e+01
3.299188e+00	1.327264e+01
3.299500e+00	1.333401e+01
3.299813e+00	1.335859e+01
3.300125e+00	1.330434e+01
3.300437e+00	1.339666e+01
3.300750e+00	1.336700e+01
3.301062e+00	1.337523e+01
3.301374e+00	1.339520e+01
3.301686e+00	1.340717e+01
3.301999e+00	1.340687e+01
3.302311e+00	1.339570e+01
3.302623e+00	1.337446e+01
3.302936e+00	1.335263e+01
3.303248e+00	1.331864e+01
3.303560e+00	1.328545e+01
3.303873e+00	1.327427e+01
3.304185e+00	1.316009e+01
3.304497e+00	1.317969e+01
3.304809e+00	1.316056e+01
3.305122e+00	1.307917e+01
3.305434e+00	1.300037e+01
3.305746e+00	1.294121e+01
3.306059e+00	1.283262e+01
3.306371e+00	1.279483e+01
3.306683e+00	1.271152e+01
3.306996e+00	1.265923e+01
3.307308e+00	1.257669e+01
3.307620e+00	1.253393e+01
3.307933e+00	1.240794e+01
3.308245e+00	1.233467e+01
3.308557e+00	1.226965e+01
3.308869e+00	1.214674e+01
3.309182e+00	1.215099e+01
3.309494e+00	1.208975e+01
3.309806e+00	1.200143e+01
3.310119e+00	1.200009e+01
3.310431e+00	1.195749e+01
3.310743e+00	1.186915e+01
3.311056e+00	1.188628e+01
3.311368e+00	1.189940e+01
3.311680e+00	1.188338e+01
3.311993e+00	1.187635e+01
3.312305e+00	1.188220e+01
3.312617e+00	1.188748e+01
3.312929e+00	1.194836e+01
3.313242e+00	1.194310e+01
3.313554e+00	1.191985e+01
3.313866e+00	1.191945e+01
3.314179e+00	1.202284e+01
3.314491e+00	1.200831e+01
3.314803e+00	1.205612e+01
3.315116e+00	1.212721e+01
3.315428e+00	1.206105e+01
3.315740e+00	1.214633e+01
3.316052e+00	1.220958e+01
3.316365e+00	1.220300e+01
3.316677e+00	1.221977e+01
3.316989e+00	1.229705e+01
3.317302e+00	1.223442e+01
3.317614e+00	1.231374e+01
3.317926e+00	1.233360e+01
3.318239e+00	1.228690e+01
3.318551e+00	1.245121e+01
3.318863e+00	1.241806e+01
3.319176e+00	1.237953e+01
3.319488e+00	1.244323e+01
3.319800e+00	1.249785e+01
3.320112e+00	1.253327e+01
3.320425e+00	1.248003e+01
3.320737e+00	1.251261e+01
3.321049e+00	1.258316e+01
3.321362e+00	1.257246e+01
3.321674e+00	1.262416e+01
3.321986e+00	1.261814e+01
3.322299e+00	1.259986e+01
3.322611e+00	1.259149e+01
3.322923e+00	1.267665e+01
3.323235e+00	1.259306e+01
3.323548e+00	1.267462e+01
3.323860e+00	1.272205e+01
3.324172e+00	1.272198e+01
3.324485e+00	1.272501e+01
3.324797e+00	1.273859e+01
3.325109e+00	1.281662e+01
3.325422e+00	1.277712e+01
3.325734e+00	1.271470e+01
3.326046e+00	1.279521e+01
3.326359e+00	1.279493e+01
3.326671e+00	1.281694e+01
3.326983e+00	1.286546e+01
3.327295e+00	1.273844e+01
3.327608e+00	1.283793e+01
3.327920e+00	1.282265e+01
3.328232e+00	1.288939e+01
3.328545e+00	1.287413e+01
3.328857e+00	1.285423e+01
3.329169e+00	1.292227e+01
3.329482e+00	1.290525e+01
3.329794e+00	1.287980e+01
3.330106e+00	1.290961e+01
3.330418e+00	1.296956e+01
3.330731e+00	1.290218e+01
3.331043e+00	1.294354e+01
3.331355e+00	1.288868e+01
3.331668e+00	1.297290e+01
3.331980e+00	1.293142e+01
3.332292e+00	1.303572e+01
3.332605e+00	1.296371e+01
3.332917e+00	1.305501e+01
3.333229e+00	1.305333e+01
3.333542e+00	1.307283e+01
3.333854e+00	1.313051e+01
3.334166e+00	1.316350e+01
3.334478e+00	1.315556e+01
3.334791e+00	1.321407e+01
3.335103e+00	1.322714e+01
3.335415e+00	1.331379e+01
3.335728e+00	1.330145e+01
3.336040e+00	1.332779e+01
3.336352e+00	1.334918e+01
3.336665e+00	1.339509e+01
3.336977e+00	1.342165e+01
3.337289e+00	1.348303e+01
3.337601e+00	1.343929e+01
3.337914e+00	1.353212e+01
3.338226e+00	1.352851e+01
3.338538e+00	1.354639e+01
3.338851e+00	1.359387e+01
3.339163e+00	1.360362e+01
3.339475e+00	1.360775e+01
3.339788e+00	1.364577e+01
3.340100e+00	1.364797e+01
3.340412e+00	1.364387e+01
3.340725e+00	1.367870e+01
3.341037e+00	1.371191e+01
3.341349e+00	1.366025e+01
3.341661e+00	1.371529e+01
3.341974e+00	1.370963e+01
3.342286e+00	1.371155e+01
3.342598e+00	1.368218e+01
3.342911e+00	1.373010e+01
3.343223e+00	1.377884e+01
3.343535e+00	1.374331e+01
3.343848e+00	1.376393e+01
3.344160e+00	1.373602e+01
3.344472e+00	1.375619e+01
3.344785e+00	1.375910e+01
3.345097e+00	1.375798e+01
3.345409e+00	1.376315e+01
3.345721e+00	1.378956e+01
3.346034e+00	1.378951e+01
3.346346e+00	1.376267e+01
3.346658e+00	1.380420e+01
3.346971e+00	1.379675e+01
3.347283e+00	1.381887e+01
3.347595e+00	1.380259e+01
3.347908e+00	1.380685e+01
3.348220e+00	1.380283e+01
3.348532e+00	1.381305e+01
3.348844e+00	1.380308e+01
3.349157e+00	1.380396e+01
3.349469e+00	1.381080e+01
3.349781e+00	1.380945e+01
3.350094e+00	1.380837e+01
3.350406e+00	1.381076e+01
3.350718e+00	1.381920e+01
3.351031e+00	1.380200e+01
3.351343e+00	1.383296e+01
3.351655e+00	1.384018e+01
3.351968e+00	1.381393e+01
3.352280e+00	1.382697e+01
3.352592e+00	1.381894e+01
3.352904e+00	1.379620e+01
3.353217e+00	1.383946e+01
3.353529e+00	1.381160e+01
3.353841e+00	1.379923e+01
3.354154e+00	1.382132e+01
3.354466e+00	1.383936e+01
3.354778e+00	1.380857e+01
3.355091e+00	1.383479e+01
3.355403e+00	1.381566e+01
3.355715e+00	1.380518e+01
3.356027e+00	1.380882e+01
3.356340e+00	1.377938e+01
3.356652e+00	1.380532e+01
3.356964e+00	1.380804e+01
3.357277e+00	1.379627e+01
3.357589e+00	1.381787e+01
3.357901e+00	1.378283e+01
3.358214e+00	1.379986e+01
3.358526e+00	1.378966e+01
3.358838e+00	1.379983e+01
3.359151e+00	1.378090e+01
3.359463e+00	1.377395e+01
3.359775e+00	1.380978e+01
3.360087e+00	1.375874e+01
3.360400e+00	1.376317e+01
3.360712e+00	1.378903e+01
3.361024e+00	1.376919e+01
3.361337e+00	1.376094e+01
3.361649e+00	1.376517e+01
3.361961e+00	1.375921e+01
3.362274e+00	1.373952e+01
3.362586e+00	1.373767e+01
3.362898e+00	1.375564e+01
3.363210e+00	1.372014e+01
3.363523e+00	1.371682e+01
3.363835e+00	1.371089e+01
3.364147e+00	1.368746e+01
3.364460e+00	1.372270e+01
3.364772e+00	1.372528e+01
3.365084e+00	1.371110e+01
3.365397e+00	1.369766e+01
3.365709e+00	1.370649e+01
3.366021e+00	1.368379e+01
3.366334e+00	1.367564e+01
3.366646e+00	1.368930e+01
3.366958e+00	1.369217e+01
3.367270e+00	1.369451e+01
3.367583e+00	1.364796e+01
3.367895e+00	1.367890e+01
3.368207e+00	1.364603e+01
3.368520e+00	1.367304e+01
3.368832e+00	1.367437e+01
3.369144e+00	1.360891e+01
3.369457e+00	1.365042e+01
3.369769e+00	1.365991e+01
3.370081e+00	1.363474e+01
3.370394e+00	1.366858e+01
3.370706e+00	1.361963e+01
3.371018e+00	1.362384e+01
3.371330e+00	1.360925e+01
3.371643e+00	1.361379e+01
3.371955e+00	1.361035e+01
3.372267e+00	1.357779e+01
3.372580e+00	1.359672e+01
3.372892e+00	1.358829e+01
3.373204e+00	1.357209e+01
3.373517e+00	1.358996e+01
3.373829e+00	1.361768e+01
3.374141e+00	1.355688e+01
3.374453e+00	1.356055e+01
3.374766e+00	1.358624e+01
3.375078e+00	1.355050e+01
3.375390e+00	1.355120e+01
3.375703e+00	1.352530e+01
3.376015e+00	1.354860e+01
3.376327e+00	1.346566e+01
3.376640e+00	1.351847e+01
3.376952e+00	1.349909e+01
3.377264e+00	1.350296e+01
3.377577e+00	1.353368e+01
3.377889e+00	1.351473e+01
3.378201e+00	1.347857e+01
3.378513e+00	1.348649e+01
3.378826e+00	1.352185e+01
3.379138e+00	1.347763e+01
3.379450e+00	1.348031e+01
3.379763e+00	1.347155e+01
3.380075e+00	1.346968e+01
3.380387e+00	1.345976e+01
3.380700e+00	1.344881e+01
3.381012e+00	1.346373e+01
3.381324e+00	1.343046e+01
3.381636e+00	1.344222e+01
3.381949e+00	1.343136e+01
3.382261e+00	1.343672e+01
3.382573e+00	1.343040e+01
3.382886e+00	1.343810e+01
3.383198e+00	1.341758e+01
3.383510e+00	1.341030e+01
3.383823e+00	1.342087e+01
3.384135e+00	1.342603e+01
3.384447e+00	1.340442e+01
3.384760e+00	1.341572e+01
3.385072e+00	1.343522e+01
3.385384e+00	1.336653e+01
3.385696e+00	1.340668e+01
3.386009e+00	1.338977e+01
3.386321e+00	1.336692e+01
3.386633e+00	1.336967e+01
3.386946e+00	1.336751e+01
3.387258e+00	1.337545e+01
3.387570e+00	1.338700e+01
3.387883e+00	1.337760e+01
3.388195e+00	1.335527e+01
3.388507e+00	1.331834e+01
3.388819e+00	1.335923e+01
3.389132e+00	1.339400e+01
3.389444e+00	1.332557e+01
3.389756e+00	1.331897e+01
3.390069e+00	1.330731e+01
3.390381e+00	1.331530e+01
3.390693e+00	1.336267e+01
3.391006e+00	1.331549e+01
3.391318e+00	1.332495e+01
3.391630e+00	1.328622e+01
3.391943e+00	1.333407e+01
3.392255e+00	1.328768e+01
3.392567e+00	1.332871e+01
3.392879e+00	1.331410e+01
3.393192e+00	1.324855e+01
3.393504e+00	1.325175e+01
3.393816e+00	1.327418e+01
3.394129e+00	1.329114e+01
3.394441e+00	1.327514e+01
3.394753e+00	1.328447e+01
3.395066e+00	1.326736e+01
3.395378e+00	1.327493e+01
3.395690e+00	1.326350e+01
3.396002e+00	1.315582e+01
3.396315e+00	1.322308e+01
3.396627e+00	1.323214e+01
3.396939e+00	1.319567e+01
3.397252e+00	1.322532e+01
3.397564e+00	1.321217e+01
3.397876e+00	1.326456e+01
3.398189e+00	1.320344e+01
3.398501e+00	1.320452e+01
3.398813e+00	1.321050e+01
3.399126e+00	1.320768e+01
3.399438e+00	1.318437e+01
3.399750e+00	1.321333e+01
3.400062e+00	1.314335e+01
3.400375e+00	1.321424e+01
3.400687e+00	1.312761e+01
3.400999e+00	1.315655e+01
3.401312e+00	1.317592e+01
3.401624e+00	1.314386e+01
3.401936e+00	1.313543e+01
3.402249e+00	1.320171e+01
3.402561e+00	1.317203e+01
3.402873e+00	1.310986e+01
3.403186e+00	1.309927e+01
3.403498e+00	1.308796e+01
3.403810e+00	1.312206e+01
3.404122e+00	1.310121e+01
3.404435e+00	1.311184e+01
3.404747e+00	1.310363e+01
3.405059e+00	1.310204e+01
3.405372e+00	1.309416e+01
3.405684e+00	1.310896e+01
3.405996e+00	1.309490e+01
3.406309e+00	1.310132e+01
3.406621e+00	1.307682e+01
3.406933e+00	1.308031e+01
3.407245e+00	1.310639e+01
3.407558e+00	1.306625e+01
3.407870e+00	1.309453e+01
3.408182e+00	1.313270e+01
3.408495e+00	1.308190e+01
3.408807e+00	1.303661e+01
3.409119e+00	1.304289e+01
3.409432e+00	1.310352e+01
3.409744e+00	1.302835e+01
3.410056e+00	1.307646e+01
3.410369e+00	1.306544e+01
3.410681e+00	1.302330e+01
3.410993e+00	1.308440e+01
3.411305e+00	1.311537e+01
3.411618e+00	1.306552e+01
3.411930e+00	1.303602e+01
3.412242e+00	1.309534e+01
3.412555e+00	1.304844e+01
3.412867e+00	1.303781e+01
3.413179e+00	1.305399e+01
3.413492e+00	1.302615e+01
3.413804e+00	1.305364e+01
3.414116e+00	1.309361e+01
3.414428e+00	1.308931e+01
3.414741e+00	1.305832e+01
3.415053e+00	1.302891e+01
3.415365e+00	1.304640e+01
3.415678e+00	1.306211e+01
3.415990e+00	1.303785e+01
3.416302e+00	1.307680e+01
3.416615e+00	1.306841e+01
3.416927e+00	1.304525e+01
3.417239e+00	1.308137e+01
3.417552e+00	1.309722e+01
3.417864e+00	1.310668e+01
3.418176e+00	1.305165e+01
3.418488e+00	1.308992e+01
3.418801e+00	1.304991e+01
3.419113e+00	1.304916e+01
3.419425e+00	1.302917e+01
3.419738e+00	1.304312e+01
3.420050e+00	1.304018e+01
3.420362e+00	1.294767e+01
3.420675e+00	1.306153e+01
3.420987e+00	1.307947e+01
3.421299e+00	1.301297e+01
3.421611e+00	1.301892e+01
3.421924e+00	1.296306e+01
3.422236e+00	1.302012e+01
3.422548e+00	1.303916e+01
3.422861e+00	1.301002e+01
3.423173e+00	1.298585e+01
3.423485e+00	1.299533e+01
3.423798e+00	1.301692e+01
3.424110e+00	1.295323e+01
3.424422e+00	1.303393e+01
3.424735e+00	1.300376e+01
3.425047e+00	1.302241e+01
3.425359e+00	1.299676e+01
3.425671e+00	1.294652e+01
3.425984e+00	1.300219e+01
3.426296e+00	1.298339e+01
3.426608e+00	1.300617e+01
3.426921e+00	1.297734e+01
3.427233e+00	1.297695e+01
3.427545e+00	1.294336e+01
3.427858e+00	1.288480e+01
3.428170e+00	1.292023e+01
3.428482e+00	1.297334e+01
3.428795e+00	1.295725e+01
3.429107e+00	1.295614e+01
3.429419e+00	1.289474e+01
3.429731e+00	1.288575e+01
3.430044e+00	1.296410e+01
3.430356e+00	1.290458e+01
3.430668e+00	1.292684e+01
3.430981e+00	1.286446e+01
3.431293e+00	1.286513e+01
3.431605e+00	1.284732e+01
3.431918e+00	1.289764e+01
3.432230e+00	1.287180e+01
3.432542e+00	1.287793e+01
3.432854e+00	1.289467e+01
3.433167e+00	1.285118e+01
3.433479e+00	1.280779e+01
3.433791e+00	1.287528e+01
3.434104e+00	1.279053e+01
3.434416e+00	1.279496e+01
3.434728e+00	1.281126e+01
3.435041e+00	1.281270e+01
3.435353e+00	1.282418e+01
3.435665e+00	1.279712e+01
3.435978e+00	1.279310e+01
3.436290e+00	1.276407e+01
3.436602e+00	1.273097e+01
3.436914e+00	1.268927e+01
3.437227e+00	1.274090e+01
3.437539e+00	1.271487e+01
3.437851e+00	1.268439e+01
3.438164e+00	1.275939e+01
3.438476e+00	1.275503e+01
3.438788e+00	1.271978e+01
3.439101e+00	1.267962e+01
3.439413e+00	1.275437e+01
3.439725e+00	1.270413e+01
3.440037e+00	1.273425e+01
3.440350e+00	1.271044e+01
3.440662e+00	1.267957e+01
3.440974e+00	1.269258e+01
3.441287e+00	1.266982e+01
3.441599e+00	1.272436e+01
3.441911e+00	1.265256e+01
3.442224e+00	1.266978e+01
3.442536e+00	1.264503e+01
3.442848e+00	1.271565e+01
3.443161e+00	1.266880e+01
3.443473e+00	1.263151e+01
3.443785e+00	1.269057e+01
3.444097e+00	1.266728e+01
3.444410e+00	1.262651e+01
3.444722e+00	1.261392e+01
3.445034e+00	1.260834e+01
3.445347e+00	1.267752e+01
3.445659e+00	1.258907e+01
3.445971e+00	1.260014e+01
3.446284e+00	1.265743e+01
3.446596e+00	1.259642e+01
3.446908e+00	1.260278e+01
3.447220e+00	1.259937e+01
3.447533e+00	1.260116e+01
3.447845e+00	1.261292e+01
3.448157e+00	1.260139e+01
3.448470e+00	1.255864e+01
3.448782e+00	1.258080e+01
3.449094e+00	1.254317e+01
3.449407e+00	1.253877e+01
3.449719e+00	1.257016e+01
3.450031e+00	1.258862e+01
3.450344e+00	1.256026e+01
3.450656e+00	1.260453e+01
3.450968e+00	1.249953e+01
3.451280e+00	1.250753e+01
3.451593e+00	1.245379e+01
3.451905e+00	1.246322e+01
3.452217e+00	1.258072e+01
3.452530e+00	1.248218e+01
3.452842e+00	1.254585e+01
3.453154e+00	1.248913e+01
3.453467e+00	1.250432e+01
3.453779e+00	1.247866e+01
3.454091e+00	1.247369e+01
3.454403e+00	1.249924e+01
3.454716e+00	1.248270e+01
3.455028e+00	1.248124e+01
3.455340e+00	1.250592e+01
3.455653e+00	1.247561e+01
3.455965e+00	1.246930e+01
3.456277e+00	1.242573e+01
3.456590e+00	1.242368e+01
3.456902e+00	1.248433e+01
3.457214e+00	1.242566e+01
3.457527e+00	1.246293e+01
3.457839e+00	1.246296e+01
3.458151e+00	1.243854e+01
3.458463e+00	1.247512e+01
3.458776e+00	1.240133e+01
3.459088e+00	1.239756e+01
3.459400e+00	1.231528e+01
3.459713e+00	1.236142e+01
3.460025e+00	1.236950e+01
3.460337e+00	1.234191e+01
3.460650e+00	1.233156e+01
3.460962e+00	1.232525e+01
3.461274e+00	1.229388e+01
3.461587e+00	1.230917e+01
3.461899e+00	1.233419e+01
3.462211e+00	1.234180e+01
3.462523e+00	1.231854e+01
3.462836e+00	1.227615e+01
3.463148e+00	1.225404e+01
3.463460e+00	1.230952e+01
3.463773e+00	1.225249e+01
3.464085e+00	1.225910e+01
3.464397e+00	1.228893e+01
3.464710e+00	1.228298e+01
3.465022e+00	1.215199e+01
3.465334e+00	1.220917e+01
3.465646e+00	1.220206e+01
3.465959e+00	1.221272e+01
3.466271e+00	1.221611e+01
3.466583e+00	1.217831e+01
3.466896e+00	1.219073e+01
3.467208e+00	1.217031e+01
3.467520e+00	1.215911e+01
3.467833e+00	1.214638e+01
3.468145e+00	1.211037e+01
3.468457e+00	1.217747e+01
3.468770e+00	1.207960e+01
3.469082e+00	1.212653e+01
3.469394e+00	1.211887e+01
3.469706e+00	1.206875e+01
3.470019e+00	1.212975e+01
3.470331e+00	1.207449e+01
3.470643e+00	1.202474e+01
3.470956e+00	1.204708e+01
3.471268e+00	1.201594e+01
3.471580e+00	1.201066e+01
3.471893e+00	1.209839e+01
3.472205e+00	1.203667e+01
3.472517e+00	1.204189e+01
3.472829e+00	1.193761e+01
3.473142e+00	1.207227e+01
3.473454e+00	1.198463e+01
3.473766e+00	1.200965e+01
3.474079e+00	1.183958e+01
3.474391e+00	1.190015e+01
3.474703e+00	1.193156e+01
3.475016e+00	1.198644e+01
3.475328e+00	1.194710e+01
3.475640e+00	1.191669e+01
3.475953e+00	1.194713e+01
3.476265e+00	1.201075e+01
3.476577e+00	1.196535e+01
3.476889e+00	1.189140e+01
3.477202e+00	1.191380e+01
3.477514e+00	1.192539e+01
3.477826e+00	1.190258e+01
3.478139e+00	1.197512e+01
3.478451e+00	1.197960e+01
3.478763e+00	1.188661e+01
3.479076e+00	1.189494e+01
3.479388e+00	1.187271e+01
3.479700e+00	1.188743e+01
3.480012e+00	1.191984e+01
3.480325e+00	1.185045e+01
3.480637e+00	1.184386e+01
3.480949e+00	1.194615e+01
3.481262e+00	1.191493e+01
3.481574e+00	1.186569e+01
3.481886e+00	1.187746e+01
3.482199e+00	1.196115e+01
3.482511e+00	1.186947e+01
3.482823e+00	1.187036e+01
3.483136e+00	1.185002e+01
3.483448e+00	1.183152e+01
3.483760e+00	1.188822e+01
3.484072e+00	1.190148e+01
3.484385e+00	1.186398e+01
3.484697e+00	1.182054e+01
3.485009e+00	1.186433e+01
3.485322e+00	1.181653e+01
3.485634e+00	1.179621e+01
3.485946e+00	1.177624e+01
3.486259e+00	1.187432e+01
3.486571e+00	1.179900e+01
3.486883e+00	1.186245e+01
3.487196e+00	1.182702e+01
3.487508e+00	1.173014e+01
3.487820e+00	1.178560e+01
3.488132e+00	1.172669e+01
3.488445e+00	1.179967e+01
3.488757e+00	1.177136e+01
3.489069e+00	1.175488e+01
3.489382e+00	1.165639e+01
3.489694e+00	1.169947e+01
3.490006e+00	1.166069e+01
3.490319e+00	1.170226e+01
3.490631e+00	1.169472e+01
3.490943e+00	1.165221e+01
3.491255e+00	1.163095e+01
3.491568e+00	1.169885e+01
3.491880e+00	1.158316e+01
3.492192e+00	1.160452e+01
3.492505e+00	1.165485e+01
3.492817e+00	1.157206e+01
3.493129e+00	1.153582e+01
3.493442e+00	1.159544e+01
3.493754e+00	1.157752e+01
3.494066e+00	1.155926e+01
3.494379e+00	1.143301e+01
3.494691e+00	1.153586e+01
3.495003e+00	1.144616e+01
3.495315e+00	1.142781e+01
3.495628e+00	1.138110e+01
3.495940e+00	1.138930e+01
3.496252e+00	1.140160e+01
3.496565e+00	1.131592e+01
3.496877e+00	1.136768e+01
3.497189e+00	1.142505e+01
3.497502e+00	1.132621e+01
3.497814e+00	1.129966e+01
3.498126e+00	1.125968e+01
3.498438e+00	1.127111e+01
3.498751e+00	1.125451e+01
3.499063e+00	1.120901e+01
3.499375e+00	1.120030e+01
3.499688e+00	1.128044e+01
