Date: Thu, Apr 09, 2020 11:20 AM; User: wsLu; Sample: AO08N1T_IVRT

Force G mode: None
Force S mode: AWG:IDC	Force S Rser (Max I): 100Mohm - 20nA
Attn: 1.000000E+0; DL1201 gain: 100; Voff (V): 0.000000E+0;
I bias (A): 1.000000E-10 Coil range (A): 2.000000E-3; Coil factor (G/A): 580

Sense mode: HP:IDC/DL1201; DUT Z setting: >10Gohm
tf stb (ms): 500; ts stb (ms): 50; ts itr (ms): 10; #s itr: 1

SetpG file:
\\JOSH-PC\OurData\wsLu\RawData\DC\setpt\MRmL0d96mA-P0d68t0d96mS5u_57d.txt
SetpS file:
\\JOSH-PC\OurData\wsLu\RawData\DC\setpt\IVnR10nA-PN10nS2n_20d.txt

Note:
1. Pin assignment:1ba,11ab
2. HP34401 fast 6 digit
3. DL1201 preamp, HPF DC, LPF 3Hz; DC coupled, line power



!DATASTR!
Time	T1	T2	T5	T6	T8	IG	IS	V1	SD1	V2	SD2	Rcali
(min)	(K)	(K)	(K)	(K)	(K)	(A)	(A)	(V)	(V)	(V)	(V)	(ohm)
1.05839E-2	-1.00000E+0	-1.00000E+0	-1.00000E+0	-1.00000E+0	1.02005E+2	1.73200E+0	0.00000E+0	5.77655E-5	NaN	-1.00000E+0	-1.00000E+0	-1.00000E+0
2.90517E-2	-1.00000E+0	-1.00000E+0	-1.00000E+0	-1.00000E+0	1.02005E+2	1.73200E+0	2.00000E-9	5.90667E-5	NaN	-1.00000E+0	-1.00000E+0	-1.00000E+0
4.75194E-2	-1.00000E+0	-1.00000E+0	-1.00000E+0	-1.00000E+0	1.02005E+2	1.73200E+0	4.00000E-9	6.02635E-5	NaN	-1.00000E+0	-1.00000E+0	-1.00000E+0
6.60038E-2	-1.00000E+0	-1.00000E+0	-1.00000E+0	-1.00000E+0	1.02005E+2	1.73200E+0	6.00000E-9	6.14938E-5	NaN	-1.00000E+0	-1.00000E+0	-1.00000E+0
8.44882E-2	-1.00000E+0	-1.00000E+0	-1.00000E+0	-1.00000E+0	1.02005E+2	1.73200E+0	8.00000E-9	6.26851E-5	NaN	-1.00000E+0	-1.00000E+0	-1.00000E+0
1.03056E-1	-1.00000E+0	-1.00000E+0	-1.00000E+0	-1.00000E+0	1.02005E+2	1.73200E+0	1.00000E-8	6.37908E-5	NaN	-1.00000E+0	-1.00000E+0	-1.00000E+0
1.22907E-1	-1.00000E+0	-1.00000E+0	-1.00000E+0	-1.00000E+0	1.02005E+2	1.73200E+0	8.00000E-9	6.26321E-5	NaN	-1.00000E+0	-1.00000E+0	-1.00000E+0
1.41408E-1	-1.00000E+0	-1.00000E+0	-1.00000E+0	-1.00000E+0	1.02005E+2	1.73200E+0	6.00000E-9	6.15662E-5	NaN	-1.00000E+0	-1.00000E+0	-1.00000E+0
1.59992E-1	-1.00000E+0	-1.00000E+0	-1.00000E+0	-1.00000E+0	1.02005E+2	1.73200E+0	4.00000E-9	6.04263E-5	NaN	-1.00000E+0	-1.00000E+0	-1.00000E+0
1.78477E-1	-1.00000E+0	-1.00000E+0	-1.00000E+0	-1.00000E+0	1.02005E+2	1.73200E+0	2.00000E-9	5.92083E-5	NaN	-1.00000E+0	-1.00000E+0	-1.00000E+0
1.97061E-1	-1.00000E+0	-1.00000E+0	-1.00000E+0	-1.00000E+0	1.02005E+2	1.73200E+0	0.00000E+0	5.80092E-5	NaN	-1.00000E+0	-1.00000E+0	-1.00000E+0
2.16012E-1	-1.00000E+0	-1.00000E+0	-1.00000E+0	-1.00000E+0	1.02005E+2	1.73200E+0	-2.00000E-9	5.68826E-5	NaN	-1.00000E+0	-1.00000E+0	-1.00000E+0
2.34463E-1	-1.00000E+0	-1.00000E+0	-1.00000E+0	-1.00000E+0	1.02005E+2	1.73200E+0	-4.00000E-9	5.56333E-5	NaN	-1.00000E+0	-1.00000E+0	-1.00000E+0
2.52314E-1	-1.00000E+0	-1.00000E+0	-1.00000E+0	-1.00000E+0	1.02005E+2	1.73200E+0	-6.00000E-9	5.44740E-5	NaN	-1.00000E+0	-1.00000E+0	-1.00000E+0
2.70649E-1	-1.00000E+0	-1.00000E+0	-1.00000E+0	-1.00000E+0	1.02005E+2	1.73200E+0	-8.00000E-9	5.32742E-5	NaN	-1.00000E+0	-1.00000E+0	-1.00000E+0
2.89183E-1	-1.00000E+0	-1.00000E+0	-1.00000E+0	-1.00000E+0	1.02005E+2	1.73200E+0	-1.00000E-8	5.19767E-5	NaN	-1.00000E+0	-1.00000E+0	-1.00000E+0
3.07651E-1	-1.00000E+0	-1.00000E+0	-1.00000E+0	-1.00000E+0	1.02005E+2	1.73200E+0	-8.00000E-9	5.32037E-5	NaN	-1.00000E+0	-1.00000E+0	-1.00000E+0
3.26002E-1	-1.00000E+0	-1.00000E+0	-1.00000E+0	-1.00000E+0	1.02005E+2	1.73200E+0	-6.00000E-9	5.44128E-5	NaN	-1.00000E+0	-1.00000E+0	-1.00000E+0
3.44586E-1	-1.00000E+0	-1.00000E+0	-1.00000E+0	-1.00000E+0	1.02005E+2	1.73200E+0	-4.00000E-9	5.53756E-5	NaN	-1.00000E+0	-1.00000E+0	-1.00000E+0
3.63187E-1	-1.00000E+0	-1.00000E+0	-1.00000E+0	-1.00000E+0	1.02005E+2	1.73200E+0	-2.00000E-9	5.65430E-5	NaN	-1.00000E+0	-1.00000E+0	-1.00000E+0
3.81622E-1	-1.00000E+0	-1.00000E+0	-1.00000E+0	-1.00000E+0	1.02005E+2	1.73200E+0	0.00000E+0	5.76516E-5	NaN	-1.00000E+0	-1.00000E+0	-1.00000E+0
