Profile 1             
x  y
[m]     [m]         
0  4.4938042e-006            
3.9484165e-009  4.4937271e-006            
7.8968329e-009  4.493914e-006            
1.1845249e-008  4.4937927e-006            
1.5793666e-008  4.493956e-006            
1.9742082e-008  4.493958e-006            
2.3690499e-008  4.4938048e-006            
2.7638915e-008  4.4937027e-006            
3.1587332e-008  4.4937142e-006            
3.5535748e-008  4.4939645e-006            
3.9484165e-008  4.4937711e-006            
4.3432581e-008  4.4940547e-006            
4.7380998e-008  4.4940296e-006            
5.1329414e-008  4.4939353e-006            
5.527783e-008  4.4938668e-006            
5.9226247e-008  4.4940282e-006            
6.3174663e-008  4.493921e-006            
6.712308e-008  4.4939622e-006            
7.1071496e-008  4.494189e-006            
7.5019913e-008  4.4941725e-006            
7.8968329e-008  4.4943058e-006            
8.2916746e-008  4.4943073e-006            
8.6865162e-008  4.4940989e-006            
9.0813579e-008  4.4938061e-006            
9.4761995e-008  4.4939118e-006            
9.8710411e-008  4.4939108e-006            
1.0265883e-007  4.4938244e-006            
1.0660724e-007  4.4939003e-006            
1.1055566e-007  4.494017e-006            
1.1450408e-007  4.4941588e-006            
1.1845249e-007  4.4942911e-006            
1.2240091e-007  4.494361e-006            
1.2634933e-007  4.4943276e-006            
1.3029774e-007  4.4943296e-006            
1.3424616e-007  4.494522e-006            
1.3819458e-007  4.4944947e-006            
1.4214299e-007  4.4944795e-006            
1.4609141e-007  4.4943265e-006            
1.5003983e-007  4.4943074e-006            
1.5398824e-007  4.4941734e-006            
1.5793666e-007  4.494268e-006            
1.6188507e-007  4.4942075e-006            
1.6583349e-007  4.4943225e-006            
1.6978191e-007  4.4944799e-006            
1.7373032e-007  4.494603e-006            
1.7767874e-007  4.494419e-006            
1.8162716e-007  4.4943398e-006            
1.8557557e-007  4.4943415e-006            
1.8952399e-007  4.4942067e-006            
1.9347241e-007  4.4943171e-006            
1.9742082e-007  4.4944032e-006            
2.0136924e-007  4.4946046e-006            
2.0531766e-007  4.4945887e-006            
2.0926607e-007  4.4945188e-006            
2.1321449e-007  4.4944655e-006            
2.1716291e-007  4.494572e-006            
2.2111132e-007  4.4945404e-006            
2.2505974e-007  4.4945159e-006            
2.2900815e-007  4.4943852e-006            
2.3295657e-007  4.4942545e-006            
2.3690499e-007  4.4940378e-006            
2.408534e-007  4.494084e-006            
2.4480182e-007  4.4942742e-006            
2.4875024e-007  4.4943717e-006            
2.5269865e-007  4.4942209e-006            
2.5664707e-007  4.4943784e-006            
2.6059549e-007  4.494898e-006            
2.645439e-007  4.4949645e-006            
2.6849232e-007  4.494985e-006            
2.7244074e-007  4.4952311e-006            
2.7638915e-007  4.4958804e-006            
2.8033757e-007  4.4959471e-006            
2.8428599e-007  4.4960242e-006            
2.882344e-007  4.4956277e-006            
2.9218282e-007  4.5069543e-006            
2.9613123e-007  4.5185241e-006            
3.0007965e-007  4.5236918e-006            
3.0402807e-007  4.5303393e-006            
3.0797648e-007  4.5367467e-006            
3.119249e-007  4.5401723e-006            
3.1587332e-007  4.5451666e-006            
3.1982173e-007  4.5489607e-006            
3.2377015e-007  4.5517493e-006            
3.2771857e-007  4.5540789e-006            
3.3166698e-007  4.5561686e-006            
3.356154e-007  4.5574479e-006            
3.3956382e-007  4.5587071e-006            
3.4351223e-007  4.5597735e-006            
3.4746065e-007  4.5605597e-006            
3.5140906e-007  4.5606616e-006            
3.5535748e-007  4.5598899e-006            
3.593059e-007  4.5576151e-006            
3.6325431e-007  4.5555142e-006            
3.6720273e-007  4.5542249e-006            
3.7115115e-007  4.5524409e-006            
3.7509956e-007  4.5506972e-006            
3.7904798e-007  4.5484713e-006            
3.829964e-007  4.5450513e-006            
3.8694481e-007  4.5410175e-006            
3.9089323e-007  4.5342832e-006            
3.9484165e-007  4.5148097e-006            
3.9879006e-007  4.5082494e-006            
4.0273848e-007  4.5090243e-006            
4.066869e-007  4.5094173e-006            
4.1063531e-007  4.509799e-006            
4.1458373e-007  4.5100452e-006            
4.1853214e-007  4.5103802e-006            
4.2248056e-007  4.5108652e-006            
4.2642898e-007  4.5110349e-006            
4.3037739e-007  4.5111617e-006            
4.3432581e-007  4.5111972e-006            
4.3827423e-007  4.51156e-006            
4.4222264e-007  4.5118877e-006            
4.4617106e-007  4.5126349e-006            
4.5011948e-007  4.5133935e-006            
4.5406789e-007  4.513866e-006            
4.5801631e-007  4.5144026e-006            
4.6196473e-007  4.5151093e-006            
4.6591314e-007  4.5159404e-006            
4.6986156e-007  4.5165446e-006            
4.7380998e-007  4.517122e-006            
4.7775839e-007  4.5179446e-006            
4.8170681e-007  4.5186899e-006            
4.8565522e-007  4.5194442e-006            
4.8960364e-007  4.5199339e-006            
4.9355206e-007  4.5204743e-006            
4.9750047e-007  4.5212941e-006            
5.0144889e-007  4.5216272e-006            
5.0539731e-007  4.5217339e-006            
5.0934572e-007  4.5219858e-006            
5.1329414e-007  4.522641e-006            
5.1724256e-007  4.5234062e-006            
5.2119097e-007  4.5238783e-006            
5.2513939e-007  4.5246984e-006            
5.2908781e-007  4.5247793e-006            
5.3303622e-007  4.5252137e-006            
5.3698464e-007  4.5256111e-006            
5.4093305e-007  4.5263354e-006            
5.4488147e-007  4.5268751e-006            
5.4882989e-007  4.5275631e-006            
5.527783e-007  4.5279321e-006            
5.5672672e-007  4.5284098e-006            
5.6067514e-007  4.5290831e-006            
5.6462355e-007  4.5297325e-006            
5.6857197e-007  4.5300963e-006            
5.7252039e-007  4.5305588e-006            
5.764688e-007  4.5312794e-006            
5.8041722e-007  4.5320638e-006            
5.8436564e-007  4.5331496e-006            
5.8831405e-007  4.5342172e-006            
5.9226247e-007  4.535222e-006            
5.9621089e-007  4.5355441e-006            
6.001593e-007  4.5356388e-006            
6.0410772e-007  4.5355249e-006            
6.0805613e-007  4.5347294e-006            
6.1200455e-007  4.5344657e-006            
6.1595297e-007  4.5343499e-006            
6.1990138e-007  4.5340869e-006            
6.238498e-007  4.5341554e-006            
6.2779822e-007  4.5347149e-006            
6.3174663e-007  4.5351814e-006            
6.3569505e-007  4.5356359e-006            
6.3964347e-007  4.5360982e-006            
6.4359188e-007  4.5365505e-006            
6.475403e-007  4.5372564e-006            
6.5148872e-007  4.5380861e-006            
6.5543713e-007  4.5389043e-006            
6.5938555e-007  4.5395792e-006            
6.6333397e-007  4.5401244e-006            
6.6728238e-007  4.5403582e-006            
6.712308e-007  4.5400686e-006            
6.7517921e-007  4.5400698e-006            
6.7912763e-007  4.5405794e-006            
6.8307605e-007  4.541008e-006            
6.8702446e-007  4.5412848e-006            
6.9097288e-007  4.5415698e-006            
6.949213e-007  4.5415951e-006            
6.9886971e-007  4.5412395e-006            
7.0281813e-007  4.5410275e-006            
7.0676655e-007  4.5413266e-006            
7.1071496e-007  4.5420473e-006            
7.1466338e-007  4.5425199e-006            
7.186118e-007  4.5427308e-006            
7.2256021e-007  4.5426805e-006            
7.2650863e-007  4.5426352e-006            
7.3045705e-007  4.5426921e-006            
7.3440546e-007  4.5426862e-006            
7.3835388e-007  4.5427e-006            
7.4230229e-007  4.5427777e-006            
7.4625071e-007  4.5428947e-006            
7.5019913e-007  4.543132e-006            
7.5414754e-007  4.5435025e-006            
7.5809596e-007  4.5435039e-006            
7.6204438e-007  4.543298e-006            
7.6599279e-007  4.5430626e-006            
7.6994121e-007  4.5429417e-006            
7.7388963e-007  4.5426476e-006            
7.7783804e-007  4.5421734e-006            
7.8178646e-007  4.5422486e-006            
7.8573488e-007  4.5421472e-006            
7.8968329e-007  4.5420506e-006            
7.9363171e-007  4.5421755e-006            
7.9758012e-007  4.5420432e-006            
8.0152854e-007  4.5420281e-006            
8.0547696e-007  4.5419085e-006            
8.0942537e-007  4.542105e-006            
8.1337379e-007  4.542404e-006            
8.1732221e-007  4.5425961e-006            
8.2127062e-007  4.5426465e-006            
8.2521904e-007  4.5426006e-006            
8.2916746e-007  4.5426707e-006            
8.3311587e-007  4.5431257e-006            
8.3706429e-007  4.5434223e-006            
8.4101271e-007  4.5438388e-006            
8.4496112e-007  4.5435901e-006            
8.4890954e-007  4.5431139e-006            
8.5285796e-007  4.5427406e-006            
8.5680637e-007  4.54165e-006            
8.6075479e-007  4.5414193e-006            
8.647032e-007  4.5415822e-006            
8.6865162e-007  4.5417055e-006            
8.7260004e-007  4.5417532e-006            
8.7654845e-007  4.5413886e-006            
8.8049687e-007  4.540655e-006            
8.8444529e-007  4.5401914e-006            
8.883937e-007  4.5401568e-006            
8.9234212e-007  4.5405565e-006            
8.9629054e-007  4.5406766e-006            
9.0023895e-007  4.5403481e-006            
9.0418737e-007  4.5400494e-006            
9.0813579e-007  4.539239e-006            
9.120842e-007  4.5384756e-006            
9.1603262e-007  4.5378223e-006            
9.1998104e-007  4.5379145e-006            
9.2392945e-007  4.5381171e-006            
9.2787787e-007  4.5380297e-006            
9.3182628e-007  4.5379161e-006            
9.357747e-007  4.5374595e-006            
9.3972312e-007  4.5368288e-006            
9.4367153e-007  4.5357408e-006            
9.4761995e-007  4.535104e-006            
9.5156837e-007  4.5349292e-006            
9.5551678e-007  4.5349052e-006            
9.594652e-007  4.5347697e-006            
9.6341362e-007  4.5347399e-006            
9.6736203e-007  4.5346917e-006            
9.7131045e-007  4.5340888e-006            
9.7525887e-007  4.5334667e-006            
9.7920728e-007  4.5328426e-006            
9.831557e-007  4.5333425e-006            
9.8710411e-007  4.5338921e-006            
9.9105253e-007  4.5342306e-006            
9.9500095e-007  4.533906e-006            
9.9894936e-007  4.5333848e-006            
1.0028978e-006  4.5315459e-006            
1.0068462e-006  4.5302997e-006            
1.0107946e-006  4.5287679e-006            
1.014743e-006  4.5282635e-006            
1.0186914e-006  4.5276348e-006            
1.0226399e-006  4.5268598e-006            
1.0265883e-006  4.5262056e-006            
1.0305367e-006  4.5256351e-006            
1.0344851e-006  4.5253297e-006            
1.0384335e-006  4.5251003e-006            
1.0423819e-006  4.5247919e-006            
1.0463304e-006  4.5241997e-006            
1.0502788e-006  4.5237659e-006            
1.0542272e-006  4.5233595e-006            
1.0581756e-006  4.522674e-006            
1.062124e-006  4.5218887e-006            
1.0660724e-006  4.5212795e-006            
1.0700209e-006  4.5208404e-006            
1.0739693e-006  4.5206428e-006            
1.0779177e-006  4.5201343e-006            
1.0818661e-006  4.5193596e-006            
1.0858145e-006  4.5183325e-006            
1.0897629e-006  4.5176273e-006            
1.0937114e-006  4.5172848e-006            
1.0976598e-006  4.5169676e-006            
1.1016082e-006  4.5166097e-006            
1.1055566e-006  4.5159527e-006            
1.109505e-006  4.5150756e-006            
1.1134534e-006  4.5144834e-006            
1.1174019e-006  4.5136026e-006            
1.1213503e-006  4.5130591e-006            
1.1252987e-006  4.5125244e-006            
1.1292471e-006  4.5116461e-006            
1.1331955e-006  4.5107566e-006            
1.1371439e-006  4.51033e-006            
1.1410924e-006  4.5099022e-006            
1.1450408e-006  4.5094604e-006            
1.1489892e-006  4.5091516e-006            
1.1529376e-006  4.5087091e-006            
1.156886e-006  4.508141e-006            
1.1608344e-006  4.5077014e-006            
1.1647829e-006  4.5073614e-006            
1.1687313e-006  4.5190017e-006            
1.1726797e-006  4.5258551e-006            
1.1766281e-006  4.5291502e-006            
1.1805765e-006  4.5331638e-006            
1.1845249e-006  4.537966e-006            
1.1884734e-006  4.5416458e-006            
1.1924218e-006  4.5466963e-006            
1.1963702e-006  4.5501424e-006            
1.2003186e-006  4.5529001e-006            
1.204267e-006  4.5554241e-006            
1.2082154e-006  4.5569349e-006            
1.2121639e-006  4.5574913e-006            
1.2161123e-006  4.5585097e-006            
1.2200607e-006  4.5593583e-006            
1.2240091e-006  4.5598103e-006            
1.2279575e-006  4.5598185e-006            
1.2319059e-006  4.5589804e-006            
1.2358544e-006  4.558182e-006            
1.2398028e-006  4.5586488e-006            
1.2437512e-006  4.5544336e-006            
1.2476996e-006  4.5531578e-006            
1.251648e-006  4.5513602e-006            
1.2555964e-006  4.5488087e-006            
1.2595449e-006  4.5461063e-006            
1.2634933e-006  4.5432289e-006            
1.2674417e-006  4.5403837e-006            
1.2713901e-006  4.5335692e-006            
1.2753385e-006  4.5207132e-006            
1.2792869e-006  4.4977411e-006            
1.2832353e-006  4.4944475e-006            
1.2871838e-006  4.4946281e-006            
1.2911322e-006  4.4949476e-006            
1.2950806e-006  4.4949624e-006            
1.299029e-006  4.495148e-006            
1.3029774e-006  4.4952063e-006            
1.3069258e-006  4.4952958e-006            
1.3108743e-006  4.4955005e-006            
1.3148227e-006  4.4953641e-006            
1.3187711e-006  4.4955558e-006            
1.3227195e-006  4.4957609e-006            
1.3266679e-006  4.4959762e-006            
1.3306163e-006  4.4959719e-006            
1.3345648e-006  4.4959475e-006            
1.3385132e-006  4.4960929e-006            
1.3424616e-006  4.4959515e-006            
1.34641e-006  4.4960723e-006            
1.3503584e-006  4.4960789e-006            
1.3543068e-006  4.4963289e-006            
1.3582553e-006  4.4962123e-006            
1.3622037e-006  4.4961237e-006            
1.3661521e-006  4.4961161e-006            
1.3701005e-006  4.4959328e-006            
1.3740489e-006  4.4959728e-006            
1.3779973e-006  4.4960214e-006            
1.3819458e-006  4.4961596e-006            
1.3858942e-006  4.4960678e-006            
1.3898426e-006  4.4962556e-006            
1.393791e-006  4.4963275e-006            
1.3977394e-006  4.4963946e-006            
1.4016878e-006  4.4963112e-006            
1.4056363e-006  4.4963113e-006            
1.4095847e-006  4.4962537e-006            
1.4135331e-006  4.4962385e-006            
1.4174815e-006  4.4965319e-006            
1.4214299e-006  4.496524e-006            
1.4253783e-006  4.4964843e-006            
1.4293268e-006  4.4965775e-006            
1.4332752e-006  4.496692e-006            
1.4372236e-006  4.4965682e-006            
1.441172e-006  4.4965462e-006            
1.4451204e-006  4.4966114e-006            
1.4490688e-006  4.4964527e-006            
1.4530173e-006  4.4965423e-006            
1.4569657e-006  4.4965596e-006            
1.4609141e-006  4.4966044e-006            
1.4648625e-006  4.4965478e-006            
1.4688109e-006  4.4967418e-006            
1.4727593e-006  4.4967002e-006            
1.4767078e-006  4.4967137e-006            
1.4806562e-006  4.4967497e-006            
1.4846046e-006  4.496653e-006            
1.488553e-006  4.4964885e-006            
1.4925014e-006  4.4965695e-006            
1.4964498e-006  4.4967307e-006            
1.5003983e-006  4.4969102e-006            
