Date: Sun, Apr 05, 2020 3:22 PM; User: wsLu; Sample: 59BBN1_IVcZF

Force G mode: None
Force S mode: AWG:IDC	Force S Rser (Max I): 100Mohm - 20nA
Attn: 1.000000E+0; DL1201 gain: 100; Voff (V): 0.000000E+0;
I bias (A): 1.000000E-10 Coil range (A): 2.000000E-3; Coil factor (G/A): 580

Sense mode: HP:IDC/DL1201; DUT Z setting: >10Gohm
tf stb (ms): 500; ts stb (ms): 50; ts itr (ms): 10; #s itr: 1

SetpG file:
\\JOSH-PC\OurData\wsLu\RawData\DC\setpt\MRmL0d96mA-P0d68t0d96mS5u_57d.txt
SetpS file:
\\JOSH-PC\OurData\wsLu\RawData\DC\setpt\IVnR10nA_PN10nS100p_400d.txt

Note:
1. Pin assignment:4ba,3ab (actual name: 59BBN8)
2. HP34401 fast 6 digit
3. DL1201 preamp, HPF DC, LPF 3Hz; DC coupled, line power



!DATASTR!
Time	T1	T2	T5	T6	T8	IG	IS	V1	SD1	V2	SD2	Rcali
(min)	(K)	(K)	(K)	(K)	(K)	(A)	(A)	(V)	(V)	(V)	(V)	(ohm)
1.03839E-2	-1.00000E+0	-1.00000E+0	-1.00000E+0	-1.00000E+0	3.53360E-2	1.73200E+0	0.00000E+0	-4.76189E-3	NaN	-1.00000E+0	-1.00000E+0	-1.00000E+0
3.05184E-2	-1.00000E+0	-1.00000E+0	-1.00000E+0	-1.00000E+0	3.53649E-2	1.73200E+0	1.00000E-10	-4.68805E-3	NaN	-1.00000E+0	-1.00000E+0	-1.00000E+0
5.00529E-2	-1.00000E+0	-1.00000E+0	-1.00000E+0	-1.00000E+0	3.53832E-2	1.73200E+0	2.00000E-10	2.95162E-3	NaN	-1.00000E+0	-1.00000E+0	-1.00000E+0
6.78039E-2	-1.00000E+0	-1.00000E+0	-1.00000E+0	-1.00000E+0	3.55366E-2	1.73200E+0	3.00000E-10	4.73748E-3	NaN	-1.00000E+0	-1.00000E+0	-1.00000E+0
8.53382E-2	-1.00000E+0	-1.00000E+0	-1.00000E+0	-1.00000E+0	3.52110E-2	1.73200E+0	4.00000E-10	4.74469E-3	NaN	-1.00000E+0	-1.00000E+0	-1.00000E+0
1.04089E-1	-1.00000E+0	-1.00000E+0	-1.00000E+0	-1.00000E+0	3.52102E-2	1.73200E+0	5.00000E-10	4.74701E-3	NaN	-1.00000E+0	-1.00000E+0	-1.00000E+0
1.21807E-1	-1.00000E+0	-1.00000E+0	-1.00000E+0	-1.00000E+0	3.53650E-2	1.73200E+0	6.00000E-10	4.74870E-3	NaN	-1.00000E+0	-1.00000E+0	-1.00000E+0
1.39791E-1	-1.00000E+0	-1.00000E+0	-1.00000E+0	-1.00000E+0	3.52911E-2	1.73200E+0	7.00000E-10	4.75019E-3	NaN	-1.00000E+0	-1.00000E+0	-1.00000E+0
1.57692E-1	-1.00000E+0	-1.00000E+0	-1.00000E+0	-1.00000E+0	3.52928E-2	1.73200E+0	8.00000E-10	4.75206E-3	NaN	-1.00000E+0	-1.00000E+0	-1.00000E+0
1.76310E-1	-1.00000E+0	-1.00000E+0	-1.00000E+0	-1.00000E+0	3.52829E-2	1.73200E+0	9.00000E-10	4.75328E-3	NaN	-1.00000E+0	-1.00000E+0	-1.00000E+0
1.95211E-1	-1.00000E+0	-1.00000E+0	-1.00000E+0	-1.00000E+0	3.51383E-2	1.73200E+0	1.00000E-9	4.75361E-3	NaN	-1.00000E+0	-1.00000E+0	-1.00000E+0
2.14462E-1	-1.00000E+0	-1.00000E+0	-1.00000E+0	-1.00000E+0	3.53443E-2	1.73200E+0	1.10000E-9	4.75467E-3	NaN	-1.00000E+0	-1.00000E+0	-1.00000E+0
2.32280E-1	-1.00000E+0	-1.00000E+0	-1.00000E+0	-1.00000E+0	3.51786E-2	1.73200E+0	1.20000E-9	4.75549E-3	NaN	-1.00000E+0	-1.00000E+0	-1.00000E+0
2.50748E-1	-1.00000E+0	-1.00000E+0	-1.00000E+0	-1.00000E+0	3.53581E-2	1.73200E+0	1.30000E-9	4.75746E-3	NaN	-1.00000E+0	-1.00000E+0	-1.00000E+0
2.69065E-1	-1.00000E+0	-1.00000E+0	-1.00000E+0	-1.00000E+0	3.52585E-2	1.73200E+0	1.40000E-9	4.75920E-3	NaN	-1.00000E+0	-1.00000E+0	-1.00000E+0
2.86833E-1	-1.00000E+0	-1.00000E+0	-1.00000E+0	-1.00000E+0	3.51948E-2	1.73200E+0	1.50000E-9	4.76098E-3	NaN	-1.00000E+0	-1.00000E+0	-1.00000E+0
3.04617E-1	-1.00000E+0	-1.00000E+0	-1.00000E+0	-1.00000E+0	3.53786E-2	1.73200E+0	1.60000E-9	4.76267E-3	NaN	-1.00000E+0	-1.00000E+0	-1.00000E+0
3.22535E-1	-1.00000E+0	-1.00000E+0	-1.00000E+0	-1.00000E+0	3.53468E-2	1.73200E+0	1.70000E-9	4.76413E-3	NaN	-1.00000E+0	-1.00000E+0	-1.00000E+0
3.41253E-1	-1.00000E+0	-1.00000E+0	-1.00000E+0	-1.00000E+0	3.52069E-2	1.73200E+0	1.80000E-9	4.76531E-3	NaN	-1.00000E+0	-1.00000E+0	-1.00000E+0
3.59287E-1	-1.00000E+0	-1.00000E+0	-1.00000E+0	-1.00000E+0	3.52707E-2	1.73200E+0	1.90000E-9	4.76645E-3	NaN	-1.00000E+0	-1.00000E+0	-1.00000E+0
3.78805E-1	-1.00000E+0	-1.00000E+0	-1.00000E+0	-1.00000E+0	3.51446E-2	1.73200E+0	2.00000E-9	4.76812E-3	NaN	-1.00000E+0	-1.00000E+0	-1.00000E+0
3.97406E-1	-1.00000E+0	-1.00000E+0	-1.00000E+0	-1.00000E+0	3.53544E-2	1.73200E+0	2.10000E-9	4.76907E-3	NaN	-1.00000E+0	-1.00000E+0	-1.00000E+0
4.16157E-1	-1.00000E+0	-1.00000E+0	-1.00000E+0	-1.00000E+0	3.54079E-2	1.73200E+0	2.20000E-9	4.77127E-3	NaN	-1.00000E+0	-1.00000E+0	-1.00000E+0
4.35292E-1	-1.00000E+0	-1.00000E+0	-1.00000E+0	-1.00000E+0	3.52510E-2	1.73200E+0	2.30000E-9	4.77387E-3	NaN	-1.00000E+0	-1.00000E+0	-1.00000E+0
4.53243E-1	-1.00000E+0	-1.00000E+0	-1.00000E+0	-1.00000E+0	3.53267E-2	1.73200E+0	2.40000E-9	4.77717E-3	NaN	-1.00000E+0	-1.00000E+0	-1.00000E+0
4.72660E-1	-1.00000E+0	-1.00000E+0	-1.00000E+0	-1.00000E+0	3.51861E-2	1.73200E+0	2.50000E-9	4.78231E-3	NaN	-1.00000E+0	-1.00000E+0	-1.00000E+0
4.90445E-1	-1.00000E+0	-1.00000E+0	-1.00000E+0	-1.00000E+0	3.52222E-2	1.73200E+0	2.60000E-9	4.78833E-3	NaN	-1.00000E+0	-1.00000E+0	-1.00000E+0
5.09162E-1	-1.00000E+0	-1.00000E+0	-1.00000E+0	-1.00000E+0	3.52434E-2	1.73200E+0	2.70000E-9	4.79744E-3	NaN	-1.00000E+0	-1.00000E+0	-1.00000E+0
5.28197E-1	-1.00000E+0	-1.00000E+0	-1.00000E+0	-1.00000E+0	3.53858E-2	1.73200E+0	2.80000E-9	4.80939E-3	NaN	-1.00000E+0	-1.00000E+0	-1.00000E+0
5.47381E-1	-1.00000E+0	-1.00000E+0	-1.00000E+0	-1.00000E+0	3.51665E-2	1.73200E+0	2.90000E-9	4.82451E-3	NaN	-1.00000E+0	-1.00000E+0	-1.00000E+0
5.65716E-1	-1.00000E+0	-1.00000E+0	-1.00000E+0	-1.00000E+0	3.51676E-2	1.73200E+0	3.00000E-9	4.84805E-3	NaN	-1.00000E+0	-1.00000E+0	-1.00000E+0
5.84367E-1	-1.00000E+0	-1.00000E+0	-1.00000E+0	-1.00000E+0	3.51998E-2	1.73200E+0	3.10000E-9	4.88337E-3	NaN	-1.00000E+0	-1.00000E+0	-1.00000E+0
6.02351E-1	-1.00000E+0	-1.00000E+0	-1.00000E+0	-1.00000E+0	3.55137E-2	1.73200E+0	3.20000E-9	4.92881E-3	NaN	-1.00000E+0	-1.00000E+0	-1.00000E+0
6.20369E-1	-1.00000E+0	-1.00000E+0	-1.00000E+0	-1.00000E+0	3.52423E-2	1.73200E+0	3.30000E-9	4.98511E-3	NaN	-1.00000E+0	-1.00000E+0	-1.00000E+0
6.38287E-1	-1.00000E+0	-1.00000E+0	-1.00000E+0	-1.00000E+0	3.52720E-2	1.73200E+0	3.40000E-9	5.04654E-3	NaN	-1.00000E+0	-1.00000E+0	-1.00000E+0
6.56104E-1	-1.00000E+0	-1.00000E+0	-1.00000E+0	-1.00000E+0	3.51883E-2	1.73200E+0	3.50000E-9	5.11934E-3	NaN	-1.00000E+0	-1.00000E+0	-1.00000E+0
6.74839E-1	-1.00000E+0	-1.00000E+0	-1.00000E+0	-1.00000E+0	3.53699E-2	1.73200E+0	3.60000E-9	5.19745E-3	NaN	-1.00000E+0	-1.00000E+0	-1.00000E+0
6.92690E-1	-1.00000E+0	-1.00000E+0	-1.00000E+0	-1.00000E+0	3.53106E-2	1.73200E+0	3.70000E-9	5.28270E-3	NaN	-1.00000E+0	-1.00000E+0	-1.00000E+0
7.11524E-1	-1.00000E+0	-1.00000E+0	-1.00000E+0	-1.00000E+0	3.51060E-2	1.73200E+0	3.80000E-9	5.36992E-3	NaN	-1.00000E+0	-1.00000E+0	-1.00000E+0
7.30458E-1	-1.00000E+0	-1.00000E+0	-1.00000E+0	-1.00000E+0	3.51614E-2	1.73200E+0	3.90000E-9	5.45819E-3	NaN	-1.00000E+0	-1.00000E+0	-1.00000E+0
7.48459E-1	-1.00000E+0	-1.00000E+0	-1.00000E+0	-1.00000E+0	3.51358E-2	1.73200E+0	4.00000E-9	5.56755E-3	NaN	-1.00000E+0	-1.00000E+0	-1.00000E+0
7.66677E-1	-1.00000E+0	-1.00000E+0	-1.00000E+0	-1.00000E+0	3.51741E-2	1.73200E+0	4.10000E-9	5.66070E-3	NaN	-1.00000E+0	-1.00000E+0	-1.00000E+0
7.84712E-1	-1.00000E+0	-1.00000E+0	-1.00000E+0	-1.00000E+0	3.49998E-2	1.73200E+0	4.20000E-9	5.75951E-3	NaN	-1.00000E+0	-1.00000E+0	-1.00000E+0
8.03329E-1	-1.00000E+0	-1.00000E+0	-1.00000E+0	-1.00000E+0	3.51954E-2	1.73200E+0	4.30000E-9	5.85833E-3	NaN	-1.00000E+0	-1.00000E+0	-1.00000E+0
8.21164E-1	-1.00000E+0	-1.00000E+0	-1.00000E+0	-1.00000E+0	3.52101E-2	1.73200E+0	4.40000E-9	5.96136E-3	NaN	-1.00000E+0	-1.00000E+0	-1.00000E+0
8.39548E-1	-1.00000E+0	-1.00000E+0	-1.00000E+0	-1.00000E+0	3.51033E-2	1.73200E+0	4.50000E-9	6.06619E-3	NaN	-1.00000E+0	-1.00000E+0	-1.00000E+0
8.57416E-1	-1.00000E+0	-1.00000E+0	-1.00000E+0	-1.00000E+0	3.52281E-2	1.73200E+0	4.60000E-9	6.17156E-3	NaN	-1.00000E+0	-1.00000E+0	-1.00000E+0
8.75817E-1	-1.00000E+0	-1.00000E+0	-1.00000E+0	-1.00000E+0	3.51742E-2	1.73200E+0	4.70000E-9	6.28216E-3	NaN	-1.00000E+0	-1.00000E+0	-1.00000E+0
8.93468E-1	-1.00000E+0	-1.00000E+0	-1.00000E+0	-1.00000E+0	3.51379E-2	1.73200E+0	4.80000E-9	6.39055E-3	NaN	-1.00000E+0	-1.00000E+0	-1.00000E+0
9.12052E-1	-1.00000E+0	-1.00000E+0	-1.00000E+0	-1.00000E+0	3.51337E-2	1.73200E+0	4.90000E-9	6.49981E-3	NaN	-1.00000E+0	-1.00000E+0	-1.00000E+0
9.31520E-1	-1.00000E+0	-1.00000E+0	-1.00000E+0	-1.00000E+0	3.50956E-2	1.73200E+0	5.00000E-9	6.60785E-3	NaN	-1.00000E+0	-1.00000E+0	-1.00000E+0
9.50371E-1	-1.00000E+0	-1.00000E+0	-1.00000E+0	-1.00000E+0	3.50342E-2	1.73200E+0	5.10000E-9	6.71759E-3	NaN	-1.00000E+0	-1.00000E+0	-1.00000E+0
9.70372E-1	-1.00000E+0	-1.00000E+0	-1.00000E+0	-1.00000E+0	3.51442E-2	1.73200E+0	5.20000E-9	6.82578E-3	NaN	-1.00000E+0	-1.00000E+0	-1.00000E+0
9.88207E-1	-1.00000E+0	-1.00000E+0	-1.00000E+0	-1.00000E+0	3.51087E-2	1.73200E+0	5.30000E-9	6.93640E-3	NaN	-1.00000E+0	-1.00000E+0	-1.00000E+0
1.00649E+0	-1.00000E+0	-1.00000E+0	-1.00000E+0	-1.00000E+0	3.51610E-2	1.73200E+0	5.40000E-9	7.04621E-3	NaN	-1.00000E+0	-1.00000E+0	-1.00000E+0
1.02434E+0	-1.00000E+0	-1.00000E+0	-1.00000E+0	-1.00000E+0	3.51478E-2	1.73200E+0	5.50000E-9	7.15408E-3	NaN	-1.00000E+0	-1.00000E+0	-1.00000E+0
1.04349E+0	-1.00000E+0	-1.00000E+0	-1.00000E+0	-1.00000E+0	3.51846E-2	1.73200E+0	5.60000E-9	7.26660E-3	NaN	-1.00000E+0	-1.00000E+0	-1.00000E+0
1.06146E+0	-1.00000E+0	-1.00000E+0	-1.00000E+0	-1.00000E+0	3.49601E-2	1.73200E+0	5.70000E-9	7.37711E-3	NaN	-1.00000E+0	-1.00000E+0	-1.00000E+0
1.08051E+0	-1.00000E+0	-1.00000E+0	-1.00000E+0	-1.00000E+0	3.51149E-2	1.73200E+0	5.80000E-9	7.48754E-3	NaN	-1.00000E+0	-1.00000E+0	-1.00000E+0
1.09903E+0	-1.00000E+0	-1.00000E+0	-1.00000E+0	-1.00000E+0	3.50016E-2	1.73200E+0	5.90000E-9	7.59562E-3	NaN	-1.00000E+0	-1.00000E+0	-1.00000E+0
1.11760E+0	-1.00000E+0	-1.00000E+0	-1.00000E+0	-1.00000E+0	3.50744E-2	1.73200E+0	6.00000E-9	7.70852E-3	NaN	-1.00000E+0	-1.00000E+0	-1.00000E+0
1.13586E+0	-1.00000E+0	-1.00000E+0	-1.00000E+0	-1.00000E+0	3.51386E-2	1.73200E+0	6.10000E-9	7.82195E-3	NaN	-1.00000E+0	-1.00000E+0	-1.00000E+0
1.15355E+0	-1.00000E+0	-1.00000E+0	-1.00000E+0	-1.00000E+0	3.50640E-2	1.73200E+0	6.20000E-9	7.93182E-3	NaN	-1.00000E+0	-1.00000E+0	-1.00000E+0
1.17238E+0	-1.00000E+0	-1.00000E+0	-1.00000E+0	-1.00000E+0	3.50505E-2	1.73200E+0	6.30000E-9	8.04330E-3	NaN	-1.00000E+0	-1.00000E+0	-1.00000E+0
1.19015E+0	-1.00000E+0	-1.00000E+0	-1.00000E+0	-1.00000E+0	3.50819E-2	1.73200E+0	6.40000E-9	8.15404E-3	NaN	-1.00000E+0	-1.00000E+0	-1.00000E+0
1.20874E+0	-1.00000E+0	-1.00000E+0	-1.00000E+0	-1.00000E+0	3.50272E-2	1.73200E+0	6.50000E-9	8.26670E-3	NaN	-1.00000E+0	-1.00000E+0	-1.00000E+0
1.22670E+0	-1.00000E+0	-1.00000E+0	-1.00000E+0	-1.00000E+0	3.52284E-2	1.73200E+0	6.60000E-9	8.37863E-3	NaN	-1.00000E+0	-1.00000E+0	-1.00000E+0
1.24537E+0	-1.00000E+0	-1.00000E+0	-1.00000E+0	-1.00000E+0	3.51248E-2	1.73200E+0	6.70000E-9	8.48989E-3	NaN	-1.00000E+0	-1.00000E+0	-1.00000E+0
1.26402E+0	-1.00000E+0	-1.00000E+0	-1.00000E+0	-1.00000E+0	3.49813E-2	1.73200E+0	6.80000E-9	8.60341E-3	NaN	-1.00000E+0	-1.00000E+0	-1.00000E+0
1.28207E+0	-1.00000E+0	-1.00000E+0	-1.00000E+0	-1.00000E+0	3.51334E-2	1.73200E+0	6.90000E-9	8.71443E-3	NaN	-1.00000E+0	-1.00000E+0	-1.00000E+0
1.30036E+0	-1.00000E+0	-1.00000E+0	-1.00000E+0	-1.00000E+0	3.51711E-2	1.73200E+0	7.00000E-9	8.82938E-3	NaN	-1.00000E+0	-1.00000E+0	-1.00000E+0
1.31833E+0	-1.00000E+0	-1.00000E+0	-1.00000E+0	-1.00000E+0	3.51814E-2	1.73200E+0	7.10000E-9	8.96174E-3	NaN	-1.00000E+0	-1.00000E+0	-1.00000E+0
1.33799E+0	-1.00000E+0	-1.00000E+0	-1.00000E+0	-1.00000E+0	3.51366E-2	1.73200E+0	7.20000E-9	9.07756E-3	NaN	-1.00000E+0	-1.00000E+0	-1.00000E+0
1.35563E+0	-1.00000E+0	-1.00000E+0	-1.00000E+0	-1.00000E+0	3.48969E-2	1.73200E+0	7.30000E-9	9.18862E-3	NaN	-1.00000E+0	-1.00000E+0	-1.00000E+0
1.37403E+0	-1.00000E+0	-1.00000E+0	-1.00000E+0	-1.00000E+0	3.50344E-2	1.73200E+0	7.40000E-9	9.30369E-3	NaN	-1.00000E+0	-1.00000E+0	-1.00000E+0
1.39181E+0	-1.00000E+0	-1.00000E+0	-1.00000E+0	-1.00000E+0	3.50024E-2	1.73200E+0	7.50000E-9	9.41607E-3	NaN	-1.00000E+0	-1.00000E+0	-1.00000E+0
1.40976E+0	-1.00000E+0	-1.00000E+0	-1.00000E+0	-1.00000E+0	3.48977E-2	1.73200E+0	7.60000E-9	9.52760E-3	NaN	-1.00000E+0	-1.00000E+0	-1.00000E+0
1.42838E+0	-1.00000E+0	-1.00000E+0	-1.00000E+0	-1.00000E+0	3.51563E-2	1.73200E+0	7.70000E-9	9.64389E-3	NaN	-1.00000E+0	-1.00000E+0	-1.00000E+0
1.44767E+0	-1.00000E+0	-1.00000E+0	-1.00000E+0	-1.00000E+0	3.50553E-2	1.73200E+0	7.80000E-9	9.75424E-3	NaN	-1.00000E+0	-1.00000E+0	-1.00000E+0
1.46543E+0	-1.00000E+0	-1.00000E+0	-1.00000E+0	-1.00000E+0	3.50948E-2	1.73200E+0	7.90000E-9	9.87340E-3	NaN	-1.00000E+0	-1.00000E+0	-1.00000E+0
1.48445E+0	-1.00000E+0	-1.00000E+0	-1.00000E+0	-1.00000E+0	3.50612E-2	1.73200E+0	8.00000E-9	9.98319E-3	NaN	-1.00000E+0	-1.00000E+0	-1.00000E+0
1.50395E+0	-1.00000E+0	-1.00000E+0	-1.00000E+0	-1.00000E+0	3.52344E-2	1.73200E+0	8.10000E-9	1.01001E-2	NaN	-1.00000E+0	-1.00000E+0	-1.00000E+0
1.52125E+0	-1.00000E+0	-1.00000E+0	-1.00000E+0	-1.00000E+0	3.52427E-2	1.73200E+0	8.20000E-9	1.02156E-2	NaN	-1.00000E+0	-1.00000E+0	-1.00000E+0
1.53969E+0	-1.00000E+0	-1.00000E+0	-1.00000E+0	-1.00000E+0	3.51789E-2	1.73200E+0	8.30000E-9	1.03287E-2	NaN	-1.00000E+0	-1.00000E+0	-1.00000E+0
1.55726E+0	-1.00000E+0	-1.00000E+0	-1.00000E+0	-1.00000E+0	3.50632E-2	1.73200E+0	8.40000E-9	1.04427E-2	NaN	-1.00000E+0	-1.00000E+0	-1.00000E+0
1.57641E+0	-1.00000E+0	-1.00000E+0	-1.00000E+0	-1.00000E+0	3.51367E-2	1.73200E+0	8.50000E-9	1.05541E-2	NaN	-1.00000E+0	-1.00000E+0	-1.00000E+0
1.59486E+0	-1.00000E+0	-1.00000E+0	-1.00000E+0	-1.00000E+0	3.51074E-2	1.73200E+0	8.60000E-9	1.06710E-2	NaN	-1.00000E+0	-1.00000E+0	-1.00000E+0
1.61416E+0	-1.00000E+0	-1.00000E+0	-1.00000E+0	-1.00000E+0	3.51198E-2	1.73200E+0	8.70000E-9	1.07841E-2	NaN	-1.00000E+0	-1.00000E+0	-1.00000E+0
1.63203E+0	-1.00000E+0	-1.00000E+0	-1.00000E+0	-1.00000E+0	3.53439E-2	1.73200E+0	8.80000E-9	1.08988E-2	NaN	-1.00000E+0	-1.00000E+0	-1.00000E+0
1.65084E+0	-1.00000E+0	-1.00000E+0	-1.00000E+0	-1.00000E+0	3.52533E-2	1.73200E+0	8.90000E-9	1.10163E-2	NaN	-1.00000E+0	-1.00000E+0	-1.00000E+0
1.66953E+0	-1.00000E+0	-1.00000E+0	-1.00000E+0	-1.00000E+0	3.51233E-2	1.73200E+0	9.00000E-9	1.11293E-2	NaN	-1.00000E+0	-1.00000E+0	-1.00000E+0
1.68735E+0	-1.00000E+0	-1.00000E+0	-1.00000E+0	-1.00000E+0	3.51015E-2	1.73200E+0	9.10000E-9	1.12454E-2	NaN	-1.00000E+0	-1.00000E+0	-1.00000E+0
1.70605E+0	-1.00000E+0	-1.00000E+0	-1.00000E+0	-1.00000E+0	3.50015E-2	1.73200E+0	9.20000E-9	1.13551E-2	NaN	-1.00000E+0	-1.00000E+0	-1.00000E+0
1.72393E+0	-1.00000E+0	-1.00000E+0	-1.00000E+0	-1.00000E+0	3.53158E-2	1.73200E+0	9.30000E-9	1.14741E-2	NaN	-1.00000E+0	-1.00000E+0	-1.00000E+0
1.74190E+0	-1.00000E+0	-1.00000E+0	-1.00000E+0	-1.00000E+0	3.50048E-2	1.73200E+0	9.40000E-9	1.15875E-2	NaN	-1.00000E+0	-1.00000E+0	-1.00000E+0
1.75985E+0	-1.00000E+0	-1.00000E+0	-1.00000E+0	-1.00000E+0	3.51798E-2	1.73200E+0	9.50000E-9	1.17034E-2	NaN	-1.00000E+0	-1.00000E+0	-1.00000E+0
1.77845E+0	-1.00000E+0	-1.00000E+0	-1.00000E+0	-1.00000E+0	3.49638E-2	1.73200E+0	9.60000E-9	1.18193E-2	NaN	-1.00000E+0	-1.00000E+0	-1.00000E+0
1.79747E+0	-1.00000E+0	-1.00000E+0	-1.00000E+0	-1.00000E+0	3.49636E-2	1.73200E+0	9.70000E-9	1.19326E-2	NaN	-1.00000E+0	-1.00000E+0	-1.00000E+0
1.81582E+0	-1.00000E+0	-1.00000E+0	-1.00000E+0	-1.00000E+0	3.49967E-2	1.73200E+0	9.80000E-9	1.20534E-2	NaN	-1.00000E+0	-1.00000E+0	-1.00000E+0
1.83586E+0	-1.00000E+0	-1.00000E+0	-1.00000E+0	-1.00000E+0	3.49873E-2	1.73200E+0	9.90000E-9	1.21661E-2	NaN	-1.00000E+0	-1.00000E+0	-1.00000E+0
1.85379E+0	-1.00000E+0	-1.00000E+0	-1.00000E+0	-1.00000E+0	3.50346E-2	1.73200E+0	9.90000E-9	1.21666E-2	NaN	-1.00000E+0	-1.00000E+0	-1.00000E+0
1.87229E+0	-1.00000E+0	-1.00000E+0	-1.00000E+0	-1.00000E+0	3.50432E-2	1.73200E+0	9.80000E-9	1.20524E-2	NaN	-1.00000E+0	-1.00000E+0	-1.00000E+0
1.89007E+0	-1.00000E+0	-1.00000E+0	-1.00000E+0	-1.00000E+0	3.51595E-2	1.73200E+0	9.70000E-9	1.19323E-2	NaN	-1.00000E+0	-1.00000E+0	-1.00000E+0
1.90833E+0	-1.00000E+0	-1.00000E+0	-1.00000E+0	-1.00000E+0	3.51347E-2	1.73200E+0	9.60000E-9	1.18214E-2	NaN	-1.00000E+0	-1.00000E+0	-1.00000E+0
1.92663E+0	-1.00000E+0	-1.00000E+0	-1.00000E+0	-1.00000E+0	3.50585E-2	1.73200E+0	9.50000E-9	1.17037E-2	NaN	-1.00000E+0	-1.00000E+0	-1.00000E+0
1.94554E+0	-1.00000E+0	-1.00000E+0	-1.00000E+0	-1.00000E+0	3.50515E-2	1.73200E+0	9.40000E-9	1.15868E-2	NaN	-1.00000E+0	-1.00000E+0	-1.00000E+0
1.96448E+0	-1.00000E+0	-1.00000E+0	-1.00000E+0	-1.00000E+0	3.49298E-2	1.73200E+0	9.30000E-9	1.14751E-2	NaN	-1.00000E+0	-1.00000E+0	-1.00000E+0
1.98328E+0	-1.00000E+0	-1.00000E+0	-1.00000E+0	-1.00000E+0	3.49621E-2	1.73200E+0	9.20000E-9	1.13571E-2	NaN	-1.00000E+0	-1.00000E+0	-1.00000E+0
2.00113E+0	-1.00000E+0	-1.00000E+0	-1.00000E+0	-1.00000E+0	3.47865E-2	1.73200E+0	9.10000E-9	1.12444E-2	NaN	-1.00000E+0	-1.00000E+0	-1.00000E+0
2.01888E+0	-1.00000E+0	-1.00000E+0	-1.00000E+0	-1.00000E+0	3.50938E-2	1.73200E+0	9.00000E-9	1.11291E-2	NaN	-1.00000E+0	-1.00000E+0	-1.00000E+0
2.03802E+0	-1.00000E+0	-1.00000E+0	-1.00000E+0	-1.00000E+0	3.48790E-2	1.73200E+0	8.90000E-9	1.10167E-2	NaN	-1.00000E+0	-1.00000E+0	-1.00000E+0
2.05605E+0	-1.00000E+0	-1.00000E+0	-1.00000E+0	-1.00000E+0	3.50754E-2	1.73200E+0	8.80000E-9	1.08996E-2	NaN	-1.00000E+0	-1.00000E+0	-1.00000E+0
2.07522E+0	-1.00000E+0	-1.00000E+0	-1.00000E+0	-1.00000E+0	3.51291E-2	1.73200E+0	8.70000E-9	1.07859E-2	NaN	-1.00000E+0	-1.00000E+0	-1.00000E+0
2.09314E+0	-1.00000E+0	-1.00000E+0	-1.00000E+0	-1.00000E+0	3.49553E-2	1.73200E+0	8.60000E-9	1.06731E-2	NaN	-1.00000E+0	-1.00000E+0	-1.00000E+0
2.11244E+0	-1.00000E+0	-1.00000E+0	-1.00000E+0	-1.00000E+0	3.50732E-2	1.73200E+0	8.50000E-9	1.05574E-2	NaN	-1.00000E+0	-1.00000E+0	-1.00000E+0
2.13182E+0	-1.00000E+0	-1.00000E+0	-1.00000E+0	-1.00000E+0	3.49728E-2	1.73200E+0	8.40000E-9	1.04428E-2	NaN	-1.00000E+0	-1.00000E+0	-1.00000E+0
2.14974E+0	-1.00000E+0	-1.00000E+0	-1.00000E+0	-1.00000E+0	3.49167E-2	1.73200E+0	8.30000E-9	1.03293E-2	NaN	-1.00000E+0	-1.00000E+0	-1.00000E+0
2.16794E+0	-1.00000E+0	-1.00000E+0	-1.00000E+0	-1.00000E+0	3.48727E-2	1.73200E+0	8.20000E-9	1.02158E-2	NaN	-1.00000E+0	-1.00000E+0	-1.00000E+0
2.18574E+0	-1.00000E+0	-1.00000E+0	-1.00000E+0	-1.00000E+0	3.50036E-2	1.73200E+0	8.10000E-9	1.01000E-2	NaN	-1.00000E+0	-1.00000E+0	-1.00000E+0
2.20518E+0	-1.00000E+0	-1.00000E+0	-1.00000E+0	-1.00000E+0	3.49901E-2	1.73200E+0	8.00000E-9	9.98484E-3	NaN	-1.00000E+0	-1.00000E+0	-1.00000E+0
2.22366E+0	-1.00000E+0	-1.00000E+0	-1.00000E+0	-1.00000E+0	3.50741E-2	1.73200E+0	7.90000E-9	9.87455E-3	NaN	-1.00000E+0	-1.00000E+0	-1.00000E+0
2.24158E+0	-1.00000E+0	-1.00000E+0	-1.00000E+0	-1.00000E+0	3.50153E-2	1.73200E+0	7.80000E-9	9.75626E-3	NaN	-1.00000E+0	-1.00000E+0	-1.00000E+0
2.25943E+0	-1.00000E+0	-1.00000E+0	-1.00000E+0	-1.00000E+0	3.50171E-2	1.73200E+0	7.70000E-9	9.64332E-3	NaN	-1.00000E+0	-1.00000E+0	-1.00000E+0
2.27903E+0	-1.00000E+0	-1.00000E+0	-1.00000E+0	-1.00000E+0	3.50786E-2	1.73200E+0	7.60000E-9	9.52817E-3	NaN	-1.00000E+0	-1.00000E+0	-1.00000E+0
2.29740E+0	-1.00000E+0	-1.00000E+0	-1.00000E+0	-1.00000E+0	3.48905E-2	1.73200E+0	7.50000E-9	9.41475E-3	NaN	-1.00000E+0	-1.00000E+0	-1.00000E+0
2.31582E+0	-1.00000E+0	-1.00000E+0	-1.00000E+0	-1.00000E+0	3.49513E-2	1.73200E+0	7.40000E-9	9.30418E-3	NaN	-1.00000E+0	-1.00000E+0	-1.00000E+0
2.33492E+0	-1.00000E+0	-1.00000E+0	-1.00000E+0	-1.00000E+0	3.48735E-2	1.73200E+0	7.30000E-9	9.18858E-3	NaN	-1.00000E+0	-1.00000E+0	-1.00000E+0
2.35273E+0	-1.00000E+0	-1.00000E+0	-1.00000E+0	-1.00000E+0	3.50617E-2	1.73200E+0	7.20000E-9	9.07690E-3	NaN	-1.00000E+0	-1.00000E+0	-1.00000E+0
2.37070E+0	-1.00000E+0	-1.00000E+0	-1.00000E+0	-1.00000E+0	3.47968E-2	1.73200E+0	7.10000E-9	8.96118E-3	NaN	-1.00000E+0	-1.00000E+0	-1.00000E+0
2.38839E+0	-1.00000E+0	-1.00000E+0	-1.00000E+0	-1.00000E+0	3.51245E-2	1.73200E+0	7.00000E-9	8.82914E-3	NaN	-1.00000E+0	-1.00000E+0	-1.00000E+0
2.40655E+0	-1.00000E+0	-1.00000E+0	-1.00000E+0	-1.00000E+0	3.50202E-2	1.73200E+0	6.90000E-9	8.71472E-3	NaN	-1.00000E+0	-1.00000E+0	-1.00000E+0
2.42447E+0	-1.00000E+0	-1.00000E+0	-1.00000E+0	-1.00000E+0	3.51060E-2	1.73200E+0	6.80000E-9	8.60173E-3	NaN	-1.00000E+0	-1.00000E+0	-1.00000E+0
2.44324E+0	-1.00000E+0	-1.00000E+0	-1.00000E+0	-1.00000E+0	3.50436E-2	1.73200E+0	6.70000E-9	8.48989E-3	NaN	-1.00000E+0	-1.00000E+0	-1.00000E+0
2.46416E+0	-1.00000E+0	-1.00000E+0	-1.00000E+0	-1.00000E+0	3.51093E-2	1.73200E+0	6.60000E-9	8.37855E-3	NaN	-1.00000E+0	-1.00000E+0	-1.00000E+0
2.48418E+0	-1.00000E+0	-1.00000E+0	-1.00000E+0	-1.00000E+0	3.50106E-2	1.73200E+0	6.50000E-9	8.26677E-3	NaN	-1.00000E+0	-1.00000E+0	-1.00000E+0
2.50298E+0	-1.00000E+0	-1.00000E+0	-1.00000E+0	-1.00000E+0	3.49493E-2	1.73200E+0	6.40000E-9	8.15313E-3	NaN	-1.00000E+0	-1.00000E+0	-1.00000E+0
2.52139E+0	-1.00000E+0	-1.00000E+0	-1.00000E+0	-1.00000E+0	3.48402E-2	1.73200E+0	6.30000E-9	8.04153E-3	NaN	-1.00000E+0	-1.00000E+0	-1.00000E+0
2.53913E+0	-1.00000E+0	-1.00000E+0	-1.00000E+0	-1.00000E+0	3.50847E-2	1.73200E+0	6.20000E-9	7.93338E-3	NaN	-1.00000E+0	-1.00000E+0	-1.00000E+0
2.55708E+0	-1.00000E+0	-1.00000E+0	-1.00000E+0	-1.00000E+0	3.50923E-2	1.73200E+0	6.10000E-9	7.82172E-3	NaN	-1.00000E+0	-1.00000E+0	-1.00000E+0
2.57636E+0	-1.00000E+0	-1.00000E+0	-1.00000E+0	-1.00000E+0	3.49220E-2	1.73200E+0	6.00000E-9	7.70938E-3	NaN	-1.00000E+0	-1.00000E+0	-1.00000E+0
2.59522E+0	-1.00000E+0	-1.00000E+0	-1.00000E+0	-1.00000E+0	3.49898E-2	1.73200E+0	5.90000E-9	7.59642E-3	NaN	-1.00000E+0	-1.00000E+0	-1.00000E+0
2.61440E+0	-1.00000E+0	-1.00000E+0	-1.00000E+0	-1.00000E+0	3.50201E-2	1.73200E+0	5.80000E-9	7.48762E-3	NaN	-1.00000E+0	-1.00000E+0	-1.00000E+0
2.63303E+0	-1.00000E+0	-1.00000E+0	-1.00000E+0	-1.00000E+0	3.50886E-2	1.73200E+0	5.70000E-9	7.37671E-3	NaN	-1.00000E+0	-1.00000E+0	-1.00000E+0
2.65118E+0	-1.00000E+0	-1.00000E+0	-1.00000E+0	-1.00000E+0	3.51503E-2	1.73200E+0	5.60000E-9	7.26452E-3	NaN	-1.00000E+0	-1.00000E+0	-1.00000E+0
2.66899E+0	-1.00000E+0	-1.00000E+0	-1.00000E+0	-1.00000E+0	3.49797E-2	1.73200E+0	5.50000E-9	7.15419E-3	NaN	-1.00000E+0	-1.00000E+0	-1.00000E+0
2.68682E+0	-1.00000E+0	-1.00000E+0	-1.00000E+0	-1.00000E+0	3.51217E-2	1.73200E+0	5.40000E-9	7.04606E-3	NaN	-1.00000E+0	-1.00000E+0	-1.00000E+0
2.70484E+0	-1.00000E+0	-1.00000E+0	-1.00000E+0	-1.00000E+0	3.49704E-2	1.73200E+0	5.30000E-9	6.93485E-3	NaN	-1.00000E+0	-1.00000E+0	-1.00000E+0
2.72239E+0	-1.00000E+0	-1.00000E+0	-1.00000E+0	-1.00000E+0	3.50183E-2	1.73200E+0	5.20000E-9	6.82499E-3	NaN	-1.00000E+0	-1.00000E+0	-1.00000E+0
2.74092E+0	-1.00000E+0	-1.00000E+0	-1.00000E+0	-1.00000E+0	3.51356E-2	1.73200E+0	5.10000E-9	6.71685E-3	NaN	-1.00000E+0	-1.00000E+0	-1.00000E+0
2.75876E+0	-1.00000E+0	-1.00000E+0	-1.00000E+0	-1.00000E+0	3.48981E-2	1.73200E+0	5.00000E-9	6.60759E-3	NaN	-1.00000E+0	-1.00000E+0	-1.00000E+0
2.77854E+0	-1.00000E+0	-1.00000E+0	-1.00000E+0	-1.00000E+0	3.49544E-2	1.73200E+0	4.90000E-9	6.49866E-3	NaN	-1.00000E+0	-1.00000E+0	-1.00000E+0
2.79829E+0	-1.00000E+0	-1.00000E+0	-1.00000E+0	-1.00000E+0	3.49277E-2	1.73200E+0	4.80000E-9	6.39009E-3	NaN	-1.00000E+0	-1.00000E+0	-1.00000E+0
2.81788E+0	-1.00000E+0	-1.00000E+0	-1.00000E+0	-1.00000E+0	3.50171E-2	1.73200E+0	4.70000E-9	6.27989E-3	NaN	-1.00000E+0	-1.00000E+0	-1.00000E+0
2.83568E+0	-1.00000E+0	-1.00000E+0	-1.00000E+0	-1.00000E+0	3.50343E-2	1.73200E+0	4.60000E-9	6.17208E-3	NaN	-1.00000E+0	-1.00000E+0	-1.00000E+0
2.85338E+0	-1.00000E+0	-1.00000E+0	-1.00000E+0	-1.00000E+0	3.49412E-2	1.73200E+0	4.50000E-9	6.06501E-3	NaN	-1.00000E+0	-1.00000E+0	-1.00000E+0
2.87205E+0	-1.00000E+0	-1.00000E+0	-1.00000E+0	-1.00000E+0	3.49877E-2	1.73200E+0	4.40000E-9	5.96044E-3	NaN	-1.00000E+0	-1.00000E+0	-1.00000E+0
2.88963E+0	-1.00000E+0	-1.00000E+0	-1.00000E+0	-1.00000E+0	3.50708E-2	1.73200E+0	4.30000E-9	5.85704E-3	NaN	-1.00000E+0	-1.00000E+0	-1.00000E+0
2.90840E+0	-1.00000E+0	-1.00000E+0	-1.00000E+0	-1.00000E+0	3.49521E-2	1.73200E+0	4.20000E-9	5.75818E-3	NaN	-1.00000E+0	-1.00000E+0	-1.00000E+0
2.92633E+0	-1.00000E+0	-1.00000E+0	-1.00000E+0	-1.00000E+0	3.49547E-2	1.73200E+0	4.10000E-9	5.65902E-3	NaN	-1.00000E+0	-1.00000E+0	-1.00000E+0
2.94524E+0	-1.00000E+0	-1.00000E+0	-1.00000E+0	-1.00000E+0	3.49641E-2	1.73200E+0	4.00000E-9	5.56658E-3	NaN	-1.00000E+0	-1.00000E+0	-1.00000E+0
2.96392E+0	-1.00000E+0	-1.00000E+0	-1.00000E+0	-1.00000E+0	3.49331E-2	1.73200E+0	3.90000E-9	5.45853E-3	NaN	-1.00000E+0	-1.00000E+0	-1.00000E+0
2.98177E+0	-1.00000E+0	-1.00000E+0	-1.00000E+0	-1.00000E+0	3.48771E-2	1.73200E+0	3.80000E-9	5.36921E-3	NaN	-1.00000E+0	-1.00000E+0	-1.00000E+0
3.00017E+0	-1.00000E+0	-1.00000E+0	-1.00000E+0	-1.00000E+0	3.49036E-2	1.73200E+0	3.70000E-9	5.28235E-3	NaN	-1.00000E+0	-1.00000E+0	-1.00000E+0
3.01864E+0	-1.00000E+0	-1.00000E+0	-1.00000E+0	-1.00000E+0	3.50600E-2	1.73200E+0	3.60000E-9	5.19547E-3	NaN	-1.00000E+0	-1.00000E+0	-1.00000E+0
3.03712E+0	-1.00000E+0	-1.00000E+0	-1.00000E+0	-1.00000E+0	3.49309E-2	1.73200E+0	3.50000E-9	5.11825E-3	NaN	-1.00000E+0	-1.00000E+0	-1.00000E+0
3.05486E+0	-1.00000E+0	-1.00000E+0	-1.00000E+0	-1.00000E+0	3.51300E-2	1.73200E+0	3.40000E-9	5.04493E-3	NaN	-1.00000E+0	-1.00000E+0	-1.00000E+0
3.07299E+0	-1.00000E+0	-1.00000E+0	-1.00000E+0	-1.00000E+0	3.49533E-2	1.73200E+0	3.30000E-9	4.98411E-3	NaN	-1.00000E+0	-1.00000E+0	-1.00000E+0
3.09091E+0	-1.00000E+0	-1.00000E+0	-1.00000E+0	-1.00000E+0	3.49507E-2	1.73200E+0	3.20000E-9	4.92803E-3	NaN	-1.00000E+0	-1.00000E+0	-1.00000E+0
3.10993E+0	-1.00000E+0	-1.00000E+0	-1.00000E+0	-1.00000E+0	3.49897E-2	1.73200E+0	3.10000E-9	4.88216E-3	NaN	-1.00000E+0	-1.00000E+0	-1.00000E+0
3.12848E+0	-1.00000E+0	-1.00000E+0	-1.00000E+0	-1.00000E+0	3.50538E-2	1.73200E+0	3.00000E-9	4.84691E-3	NaN	-1.00000E+0	-1.00000E+0	-1.00000E+0
3.14816E+0	-1.00000E+0	-1.00000E+0	-1.00000E+0	-1.00000E+0	3.49497E-2	1.73200E+0	2.90000E-9	4.82325E-3	NaN	-1.00000E+0	-1.00000E+0	-1.00000E+0
3.16675E+0	-1.00000E+0	-1.00000E+0	-1.00000E+0	-1.00000E+0	3.48971E-2	1.73200E+0	2.80000E-9	4.80864E-3	NaN	-1.00000E+0	-1.00000E+0	-1.00000E+0
3.18518E+0	-1.00000E+0	-1.00000E+0	-1.00000E+0	-1.00000E+0	3.49886E-2	1.73200E+0	2.70000E-9	4.79654E-3	NaN	-1.00000E+0	-1.00000E+0	-1.00000E+0
3.20345E+0	-1.00000E+0	-1.00000E+0	-1.00000E+0	-1.00000E+0	3.51538E-2	1.73200E+0	2.60000E-9	4.78770E-3	NaN	-1.00000E+0	-1.00000E+0	-1.00000E+0
3.22102E+0	-1.00000E+0	-1.00000E+0	-1.00000E+0	-1.00000E+0	3.47647E-2	1.73200E+0	2.50000E-9	4.78149E-3	NaN	-1.00000E+0	-1.00000E+0	-1.00000E+0
3.23965E+0	-1.00000E+0	-1.00000E+0	-1.00000E+0	-1.00000E+0	3.50761E-2	1.73200E+0	2.40000E-9	4.77667E-3	NaN	-1.00000E+0	-1.00000E+0	-1.00000E+0
3.25757E+0	-1.00000E+0	-1.00000E+0	-1.00000E+0	-1.00000E+0	3.50276E-2	1.73200E+0	2.30000E-9	4.77352E-3	NaN	-1.00000E+0	-1.00000E+0	-1.00000E+0
3.27644E+0	-1.00000E+0	-1.00000E+0	-1.00000E+0	-1.00000E+0	3.49754E-2	1.73200E+0	2.20000E-9	4.77045E-3	NaN	-1.00000E+0	-1.00000E+0	-1.00000E+0
3.29516E+0	-1.00000E+0	-1.00000E+0	-1.00000E+0	-1.00000E+0	3.49666E-2	1.73200E+0	2.10000E-9	4.76857E-3	NaN	-1.00000E+0	-1.00000E+0	-1.00000E+0
3.31421E+0	-1.00000E+0	-1.00000E+0	-1.00000E+0	-1.00000E+0	3.49868E-2	1.73200E+0	2.00000E-9	4.76689E-3	NaN	-1.00000E+0	-1.00000E+0	-1.00000E+0
3.33306E+0	-1.00000E+0	-1.00000E+0	-1.00000E+0	-1.00000E+0	3.47961E-2	1.73200E+0	1.90000E-9	4.76561E-3	NaN	-1.00000E+0	-1.00000E+0	-1.00000E+0
3.35101E+0	-1.00000E+0	-1.00000E+0	-1.00000E+0	-1.00000E+0	3.51585E-2	1.73200E+0	1.80000E-9	4.76458E-3	NaN	-1.00000E+0	-1.00000E+0	-1.00000E+0
3.36921E+0	-1.00000E+0	-1.00000E+0	-1.00000E+0	-1.00000E+0	3.48946E-2	1.73200E+0	1.70000E-9	4.76325E-3	NaN	-1.00000E+0	-1.00000E+0	-1.00000E+0
3.38703E+0	-1.00000E+0	-1.00000E+0	-1.00000E+0	-1.00000E+0	3.49385E-2	1.73200E+0	1.60000E-9	4.76192E-3	NaN	-1.00000E+0	-1.00000E+0	-1.00000E+0
3.40538E+0	-1.00000E+0	-1.00000E+0	-1.00000E+0	-1.00000E+0	3.51025E-2	1.73200E+0	1.50000E-9	4.76006E-3	NaN	-1.00000E+0	-1.00000E+0	-1.00000E+0
3.42313E+0	-1.00000E+0	-1.00000E+0	-1.00000E+0	-1.00000E+0	3.50770E-2	1.73200E+0	1.40000E-9	4.75847E-3	NaN	-1.00000E+0	-1.00000E+0	-1.00000E+0
3.44178E+0	-1.00000E+0	-1.00000E+0	-1.00000E+0	-1.00000E+0	3.50663E-2	1.73200E+0	1.30000E-9	4.75638E-3	NaN	-1.00000E+0	-1.00000E+0	-1.00000E+0
3.45961E+0	-1.00000E+0	-1.00000E+0	-1.00000E+0	-1.00000E+0	3.51044E-2	1.73200E+0	1.20000E-9	4.75512E-3	NaN	-1.00000E+0	-1.00000E+0	-1.00000E+0
3.47820E+0	-1.00000E+0	-1.00000E+0	-1.00000E+0	-1.00000E+0	3.50761E-2	1.73200E+0	1.10000E-9	4.75351E-3	NaN	-1.00000E+0	-1.00000E+0	-1.00000E+0
3.49738E+0	-1.00000E+0	-1.00000E+0	-1.00000E+0	-1.00000E+0	3.50554E-2	1.73200E+0	1.00000E-9	4.75309E-3	NaN	-1.00000E+0	-1.00000E+0	-1.00000E+0
3.51588E+0	-1.00000E+0	-1.00000E+0	-1.00000E+0	-1.00000E+0	3.49344E-2	1.73200E+0	9.00000E-10	4.75228E-3	NaN	-1.00000E+0	-1.00000E+0	-1.00000E+0
3.53367E+0	-1.00000E+0	-1.00000E+0	-1.00000E+0	-1.00000E+0	3.50043E-2	1.73200E+0	8.00000E-10	4.75139E-3	NaN	-1.00000E+0	-1.00000E+0	-1.00000E+0
3.55225E+0	-1.00000E+0	-1.00000E+0	-1.00000E+0	-1.00000E+0	3.48430E-2	1.73200E+0	7.00000E-10	4.74987E-3	NaN	-1.00000E+0	-1.00000E+0	-1.00000E+0
3.57145E+0	-1.00000E+0	-1.00000E+0	-1.00000E+0	-1.00000E+0	3.50175E-2	1.73200E+0	6.00000E-10	4.74812E-3	NaN	-1.00000E+0	-1.00000E+0	-1.00000E+0
3.58931E+0	-1.00000E+0	-1.00000E+0	-1.00000E+0	-1.00000E+0	3.51761E-2	1.73200E+0	5.00000E-10	4.74690E-3	NaN	-1.00000E+0	-1.00000E+0	-1.00000E+0
3.60751E+0	-1.00000E+0	-1.00000E+0	-1.00000E+0	-1.00000E+0	3.48827E-2	1.73200E+0	4.00000E-10	4.74422E-3	NaN	-1.00000E+0	-1.00000E+0	-1.00000E+0
3.62611E+0	-1.00000E+0	-1.00000E+0	-1.00000E+0	-1.00000E+0	3.50141E-2	1.73200E+0	3.00000E-10	4.73763E-3	NaN	-1.00000E+0	-1.00000E+0	-1.00000E+0
3.64526E+0	-1.00000E+0	-1.00000E+0	-1.00000E+0	-1.00000E+0	3.51282E-2	1.73200E+0	2.00000E-10	2.79644E-3	NaN	-1.00000E+0	-1.00000E+0	-1.00000E+0
3.66399E+0	-1.00000E+0	-1.00000E+0	-1.00000E+0	-1.00000E+0	3.50633E-2	1.73200E+0	1.00000E-10	-4.70668E-3	NaN	-1.00000E+0	-1.00000E+0	-1.00000E+0
3.68273E+0	-1.00000E+0	-1.00000E+0	-1.00000E+0	-1.00000E+0	3.49702E-2	1.73200E+0	-1.04690E-24	-4.76826E-3	NaN	-1.00000E+0	-1.00000E+0	-1.00000E+0
3.70168E+0	-1.00000E+0	-1.00000E+0	-1.00000E+0	-1.00000E+0	3.49619E-2	1.73200E+0	-1.00000E-10	-4.77815E-3	NaN	-1.00000E+0	-1.00000E+0	-1.00000E+0
3.72076E+0	-1.00000E+0	-1.00000E+0	-1.00000E+0	-1.00000E+0	3.51120E-2	1.73200E+0	-2.00000E-10	-4.78588E-3	NaN	-1.00000E+0	-1.00000E+0	-1.00000E+0
3.73946E+0	-1.00000E+0	-1.00000E+0	-1.00000E+0	-1.00000E+0	3.50843E-2	1.73200E+0	-3.00000E-10	-4.79352E-3	NaN	-1.00000E+0	-1.00000E+0	-1.00000E+0
3.75723E+0	-1.00000E+0	-1.00000E+0	-1.00000E+0	-1.00000E+0	3.49054E-2	1.73200E+0	-4.00000E-10	-4.79739E-3	NaN	-1.00000E+0	-1.00000E+0	-1.00000E+0
3.77645E+0	-1.00000E+0	-1.00000E+0	-1.00000E+0	-1.00000E+0	3.50903E-2	1.73200E+0	-5.00000E-10	-4.79910E-3	NaN	-1.00000E+0	-1.00000E+0	-1.00000E+0
3.79523E+0	-1.00000E+0	-1.00000E+0	-1.00000E+0	-1.00000E+0	3.51159E-2	1.73200E+0	-6.00000E-10	-4.80046E-3	NaN	-1.00000E+0	-1.00000E+0	-1.00000E+0
3.81490E+0	-1.00000E+0	-1.00000E+0	-1.00000E+0	-1.00000E+0	3.50673E-2	1.73200E+0	-7.00000E-10	-4.80067E-3	NaN	-1.00000E+0	-1.00000E+0	-1.00000E+0
3.83452E+0	-1.00000E+0	-1.00000E+0	-1.00000E+0	-1.00000E+0	3.49060E-2	1.73200E+0	-8.00000E-10	-4.80122E-3	NaN	-1.00000E+0	-1.00000E+0	-1.00000E+0
3.85234E+0	-1.00000E+0	-1.00000E+0	-1.00000E+0	-1.00000E+0	3.48713E-2	1.73200E+0	-9.00000E-10	-4.80147E-3	NaN	-1.00000E+0	-1.00000E+0	-1.00000E+0
3.87162E+0	-1.00000E+0	-1.00000E+0	-1.00000E+0	-1.00000E+0	3.49366E-2	1.73200E+0	-1.00000E-9	-4.80131E-3	NaN	-1.00000E+0	-1.00000E+0	-1.00000E+0
3.88947E+0	-1.00000E+0	-1.00000E+0	-1.00000E+0	-1.00000E+0	3.49642E-2	1.73200E+0	-1.10000E-9	-4.80160E-3	NaN	-1.00000E+0	-1.00000E+0	-1.00000E+0
3.90844E+0	-1.00000E+0	-1.00000E+0	-1.00000E+0	-1.00000E+0	3.47847E-2	1.73200E+0	-1.20000E-9	-4.80118E-3	NaN	-1.00000E+0	-1.00000E+0	-1.00000E+0
3.92637E+0	-1.00000E+0	-1.00000E+0	-1.00000E+0	-1.00000E+0	3.48625E-2	1.73200E+0	-1.30000E-9	-4.80153E-3	NaN	-1.00000E+0	-1.00000E+0	-1.00000E+0
3.94529E+0	-1.00000E+0	-1.00000E+0	-1.00000E+0	-1.00000E+0	3.49009E-2	1.73200E+0	-1.40000E-9	-4.80156E-3	NaN	-1.00000E+0	-1.00000E+0	-1.00000E+0
3.96413E+0	-1.00000E+0	-1.00000E+0	-1.00000E+0	-1.00000E+0	3.48437E-2	1.73200E+0	-1.50000E-9	-4.80299E-3	NaN	-1.00000E+0	-1.00000E+0	-1.00000E+0
3.98246E+0	-1.00000E+0	-1.00000E+0	-1.00000E+0	-1.00000E+0	3.49253E-2	1.73200E+0	-1.60000E-9	-4.80485E-3	NaN	-1.00000E+0	-1.00000E+0	-1.00000E+0
4.00065E+0	-1.00000E+0	-1.00000E+0	-1.00000E+0	-1.00000E+0	3.47010E-2	1.73200E+0	-1.70000E-9	-4.80782E-3	NaN	-1.00000E+0	-1.00000E+0	-1.00000E+0
4.01908E+0	-1.00000E+0	-1.00000E+0	-1.00000E+0	-1.00000E+0	3.46913E-2	1.73200E+0	-1.80000E-9	-4.81131E-3	NaN	-1.00000E+0	-1.00000E+0	-1.00000E+0
4.03768E+0	-1.00000E+0	-1.00000E+0	-1.00000E+0	-1.00000E+0	3.46938E-2	1.73200E+0	-1.90000E-9	-4.81467E-3	NaN	-1.00000E+0	-1.00000E+0	-1.00000E+0
4.05552E+0	-1.00000E+0	-1.00000E+0	-1.00000E+0	-1.00000E+0	3.47309E-2	1.73200E+0	-2.00000E-9	-4.81888E-3	NaN	-1.00000E+0	-1.00000E+0	-1.00000E+0
4.07413E+0	-1.00000E+0	-1.00000E+0	-1.00000E+0	-1.00000E+0	3.47829E-2	1.73200E+0	-2.10000E-9	-4.82238E-3	NaN	-1.00000E+0	-1.00000E+0	-1.00000E+0
4.09270E+0	-1.00000E+0	-1.00000E+0	-1.00000E+0	-1.00000E+0	3.49062E-2	1.73200E+0	-2.20000E-9	-4.82719E-3	NaN	-1.00000E+0	-1.00000E+0	-1.00000E+0
4.11159E+0	-1.00000E+0	-1.00000E+0	-1.00000E+0	-1.00000E+0	3.47373E-2	1.73200E+0	-2.30000E-9	-4.83224E-3	NaN	-1.00000E+0	-1.00000E+0	-1.00000E+0
4.13070E+0	-1.00000E+0	-1.00000E+0	-1.00000E+0	-1.00000E+0	3.47596E-2	1.73200E+0	-2.40000E-9	-4.83979E-3	NaN	-1.00000E+0	-1.00000E+0	-1.00000E+0
4.14950E+0	-1.00000E+0	-1.00000E+0	-1.00000E+0	-1.00000E+0	3.48676E-2	1.73200E+0	-2.50000E-9	-4.85072E-3	NaN	-1.00000E+0	-1.00000E+0	-1.00000E+0
4.16804E+0	-1.00000E+0	-1.00000E+0	-1.00000E+0	-1.00000E+0	3.48982E-2	1.73200E+0	-2.60000E-9	-4.86873E-3	NaN	-1.00000E+0	-1.00000E+0	-1.00000E+0
4.18572E+0	-1.00000E+0	-1.00000E+0	-1.00000E+0	-1.00000E+0	3.48360E-2	1.73200E+0	-2.70000E-9	-4.89989E-3	NaN	-1.00000E+0	-1.00000E+0	-1.00000E+0
4.20502E+0	-1.00000E+0	-1.00000E+0	-1.00000E+0	-1.00000E+0	3.48705E-2	1.73200E+0	-2.80000E-9	-4.93830E-3	NaN	-1.00000E+0	-1.00000E+0	-1.00000E+0
4.22294E+0	-1.00000E+0	-1.00000E+0	-1.00000E+0	-1.00000E+0	3.49811E-2	1.73200E+0	-2.90000E-9	-4.98866E-3	NaN	-1.00000E+0	-1.00000E+0	-1.00000E+0
4.24073E+0	-1.00000E+0	-1.00000E+0	-1.00000E+0	-1.00000E+0	3.47180E-2	1.73200E+0	-3.00000E-9	-5.04328E-3	NaN	-1.00000E+0	-1.00000E+0	-1.00000E+0
4.25858E+0	-1.00000E+0	-1.00000E+0	-1.00000E+0	-1.00000E+0	3.46830E-2	1.73200E+0	-3.10000E-9	-5.11036E-3	NaN	-1.00000E+0	-1.00000E+0	-1.00000E+0
4.27686E+0	-1.00000E+0	-1.00000E+0	-1.00000E+0	-1.00000E+0	3.48830E-2	1.73200E+0	-3.20000E-9	-5.18406E-3	NaN	-1.00000E+0	-1.00000E+0	-1.00000E+0
4.29528E+0	-1.00000E+0	-1.00000E+0	-1.00000E+0	-1.00000E+0	3.46826E-2	1.73200E+0	-3.30000E-9	-5.26677E-3	NaN	-1.00000E+0	-1.00000E+0	-1.00000E+0
4.31406E+0	-1.00000E+0	-1.00000E+0	-1.00000E+0	-1.00000E+0	3.48148E-2	1.73200E+0	-3.40000E-9	-5.35145E-3	NaN	-1.00000E+0	-1.00000E+0	-1.00000E+0
4.33238E+0	-1.00000E+0	-1.00000E+0	-1.00000E+0	-1.00000E+0	3.46232E-2	1.73200E+0	-3.50000E-9	-5.43853E-3	NaN	-1.00000E+0	-1.00000E+0	-1.00000E+0
4.35055E+0	-1.00000E+0	-1.00000E+0	-1.00000E+0	-1.00000E+0	3.47213E-2	1.73200E+0	-3.60000E-9	-5.53032E-3	NaN	-1.00000E+0	-1.00000E+0	-1.00000E+0
4.36930E+0	-1.00000E+0	-1.00000E+0	-1.00000E+0	-1.00000E+0	3.49143E-2	1.73200E+0	-3.70000E-9	-5.61987E-3	NaN	-1.00000E+0	-1.00000E+0	-1.00000E+0
4.38705E+0	-1.00000E+0	-1.00000E+0	-1.00000E+0	-1.00000E+0	3.47889E-2	1.73200E+0	-3.80000E-9	-5.71481E-3	NaN	-1.00000E+0	-1.00000E+0	-1.00000E+0
4.40610E+0	-1.00000E+0	-1.00000E+0	-1.00000E+0	-1.00000E+0	3.45987E-2	1.73200E+0	-3.90000E-9	-5.81190E-3	NaN	-1.00000E+0	-1.00000E+0	-1.00000E+0
4.42405E+0	-1.00000E+0	-1.00000E+0	-1.00000E+0	-1.00000E+0	3.46795E-2	1.73200E+0	-4.00000E-9	-5.93353E-3	NaN	-1.00000E+0	-1.00000E+0	-1.00000E+0
4.44320E+0	-1.00000E+0	-1.00000E+0	-1.00000E+0	-1.00000E+0	3.47724E-2	1.73200E+0	-4.10000E-9	-6.03533E-3	NaN	-1.00000E+0	-1.00000E+0	-1.00000E+0
4.46419E+0	-1.00000E+0	-1.00000E+0	-1.00000E+0	-1.00000E+0	3.47551E-2	1.73200E+0	-4.20000E-9	-6.14034E-3	NaN	-1.00000E+0	-1.00000E+0	-1.00000E+0
4.48211E+0	-1.00000E+0	-1.00000E+0	-1.00000E+0	-1.00000E+0	3.47938E-2	1.73200E+0	-4.30000E-9	-6.24933E-3	NaN	-1.00000E+0	-1.00000E+0	-1.00000E+0
4.50066E+0	-1.00000E+0	-1.00000E+0	-1.00000E+0	-1.00000E+0	3.47729E-2	1.73200E+0	-4.40000E-9	-6.35596E-3	NaN	-1.00000E+0	-1.00000E+0	-1.00000E+0
4.51844E+0	-1.00000E+0	-1.00000E+0	-1.00000E+0	-1.00000E+0	3.45808E-2	1.73200E+0	-4.50000E-9	-6.46566E-3	NaN	-1.00000E+0	-1.00000E+0	-1.00000E+0
4.53589E+0	-1.00000E+0	-1.00000E+0	-1.00000E+0	-1.00000E+0	3.45157E-2	1.73200E+0	-4.60000E-9	-6.57271E-3	NaN	-1.00000E+0	-1.00000E+0	-1.00000E+0
4.55371E+0	-1.00000E+0	-1.00000E+0	-1.00000E+0	-1.00000E+0	3.46148E-2	1.73200E+0	-4.70000E-9	-6.68378E-3	NaN	-1.00000E+0	-1.00000E+0	-1.00000E+0
4.57323E+0	-1.00000E+0	-1.00000E+0	-1.00000E+0	-1.00000E+0	3.48838E-2	1.73200E+0	-4.80000E-9	-6.79228E-3	NaN	-1.00000E+0	-1.00000E+0	-1.00000E+0
4.59098E+0	-1.00000E+0	-1.00000E+0	-1.00000E+0	-1.00000E+0	3.46959E-2	1.73200E+0	-4.90000E-9	-6.90185E-3	NaN	-1.00000E+0	-1.00000E+0	-1.00000E+0
4.60935E+0	-1.00000E+0	-1.00000E+0	-1.00000E+0	-1.00000E+0	3.46107E-2	1.73200E+0	-5.00000E-9	-7.01196E-3	NaN	-1.00000E+0	-1.00000E+0	-1.00000E+0
4.62720E+0	-1.00000E+0	-1.00000E+0	-1.00000E+0	-1.00000E+0	3.47302E-2	1.73200E+0	-5.10000E-9	-7.11997E-3	NaN	-1.00000E+0	-1.00000E+0	-1.00000E+0
4.64580E+0	-1.00000E+0	-1.00000E+0	-1.00000E+0	-1.00000E+0	3.47822E-2	1.73200E+0	-5.20000E-9	-7.23426E-3	NaN	-1.00000E+0	-1.00000E+0	-1.00000E+0
4.66470E+0	-1.00000E+0	-1.00000E+0	-1.00000E+0	-1.00000E+0	3.47590E-2	1.73200E+0	-5.30000E-9	-7.34282E-3	NaN	-1.00000E+0	-1.00000E+0	-1.00000E+0
4.68325E+0	-1.00000E+0	-1.00000E+0	-1.00000E+0	-1.00000E+0	3.47366E-2	1.73200E+0	-5.40000E-9	-7.45506E-3	NaN	-1.00000E+0	-1.00000E+0	-1.00000E+0
4.70267E+0	-1.00000E+0	-1.00000E+0	-1.00000E+0	-1.00000E+0	3.46675E-2	1.73200E+0	-5.50000E-9	-7.56195E-3	NaN	-1.00000E+0	-1.00000E+0	-1.00000E+0
4.72035E+0	-1.00000E+0	-1.00000E+0	-1.00000E+0	-1.00000E+0	3.47502E-2	1.73200E+0	-5.60000E-9	-7.67411E-3	NaN	-1.00000E+0	-1.00000E+0	-1.00000E+0
4.73845E+0	-1.00000E+0	-1.00000E+0	-1.00000E+0	-1.00000E+0	3.48260E-2	1.73200E+0	-5.70000E-9	-7.78600E-3	NaN	-1.00000E+0	-1.00000E+0	-1.00000E+0
4.75629E+0	-1.00000E+0	-1.00000E+0	-1.00000E+0	-1.00000E+0	3.44891E-2	1.73200E+0	-5.80000E-9	-7.89690E-3	NaN	-1.00000E+0	-1.00000E+0	-1.00000E+0
4.77544E+0	-1.00000E+0	-1.00000E+0	-1.00000E+0	-1.00000E+0	3.46949E-2	1.73200E+0	-5.90000E-9	-8.00675E-3	NaN	-1.00000E+0	-1.00000E+0	-1.00000E+0
4.79301E+0	-1.00000E+0	-1.00000E+0	-1.00000E+0	-1.00000E+0	3.47299E-2	1.73200E+0	-6.00000E-9	-8.11633E-3	NaN	-1.00000E+0	-1.00000E+0	-1.00000E+0
4.81211E+0	-1.00000E+0	-1.00000E+0	-1.00000E+0	-1.00000E+0	3.48510E-2	1.73200E+0	-6.10000E-9	-8.23194E-3	NaN	-1.00000E+0	-1.00000E+0	-1.00000E+0
4.82981E+0	-1.00000E+0	-1.00000E+0	-1.00000E+0	-1.00000E+0	3.47756E-2	1.73200E+0	-6.20000E-9	-8.34216E-3	NaN	-1.00000E+0	-1.00000E+0	-1.00000E+0
4.84849E+0	-1.00000E+0	-1.00000E+0	-1.00000E+0	-1.00000E+0	3.48490E-2	1.73200E+0	-6.30000E-9	-8.45565E-3	NaN	-1.00000E+0	-1.00000E+0	-1.00000E+0
4.86760E+0	-1.00000E+0	-1.00000E+0	-1.00000E+0	-1.00000E+0	3.48495E-2	1.73200E+0	-6.40000E-9	-8.56632E-3	NaN	-1.00000E+0	-1.00000E+0	-1.00000E+0
4.88533E+0	-1.00000E+0	-1.00000E+0	-1.00000E+0	-1.00000E+0	3.48777E-2	1.73200E+0	-6.50000E-9	-8.67889E-3	NaN	-1.00000E+0	-1.00000E+0	-1.00000E+0
4.90458E+0	-1.00000E+0	-1.00000E+0	-1.00000E+0	-1.00000E+0	3.47610E-2	1.73200E+0	-6.60000E-9	-8.79474E-3	NaN	-1.00000E+0	-1.00000E+0	-1.00000E+0
4.92245E+0	-1.00000E+0	-1.00000E+0	-1.00000E+0	-1.00000E+0	3.48294E-2	1.73200E+0	-6.70000E-9	-8.90292E-3	NaN	-1.00000E+0	-1.00000E+0	-1.00000E+0
4.94195E+0	-1.00000E+0	-1.00000E+0	-1.00000E+0	-1.00000E+0	3.47672E-2	1.73200E+0	-6.80000E-9	-9.01775E-3	NaN	-1.00000E+0	-1.00000E+0	-1.00000E+0
4.95983E+0	-1.00000E+0	-1.00000E+0	-1.00000E+0	-1.00000E+0	3.47533E-2	1.73200E+0	-6.90000E-9	-9.12807E-3	NaN	-1.00000E+0	-1.00000E+0	-1.00000E+0
4.97902E+0	-1.00000E+0	-1.00000E+0	-1.00000E+0	-1.00000E+0	3.48309E-2	1.73200E+0	-7.00000E-9	-9.24337E-3	NaN	-1.00000E+0	-1.00000E+0	-1.00000E+0
4.99917E+0	-1.00000E+0	-1.00000E+0	-1.00000E+0	-1.00000E+0	3.47628E-2	1.73200E+0	-7.10000E-9	-9.38168E-3	NaN	-1.00000E+0	-1.00000E+0	-1.00000E+0
5.01700E+0	-1.00000E+0	-1.00000E+0	-1.00000E+0	-1.00000E+0	3.48051E-2	1.73200E+0	-7.20000E-9	-9.49287E-3	NaN	-1.00000E+0	-1.00000E+0	-1.00000E+0
5.03505E+0	-1.00000E+0	-1.00000E+0	-1.00000E+0	-1.00000E+0	3.48038E-2	1.73200E+0	-7.30000E-9	-9.60717E-3	NaN	-1.00000E+0	-1.00000E+0	-1.00000E+0
5.05287E+0	-1.00000E+0	-1.00000E+0	-1.00000E+0	-1.00000E+0	3.48439E-2	1.73200E+0	-7.40000E-9	-9.71902E-3	NaN	-1.00000E+0	-1.00000E+0	-1.00000E+0
5.07147E+0	-1.00000E+0	-1.00000E+0	-1.00000E+0	-1.00000E+0	3.47813E-2	1.73200E+0	-7.50000E-9	-9.83672E-3	NaN	-1.00000E+0	-1.00000E+0	-1.00000E+0
5.08932E+0	-1.00000E+0	-1.00000E+0	-1.00000E+0	-1.00000E+0	3.47048E-2	1.73200E+0	-7.60000E-9	-9.94779E-3	NaN	-1.00000E+0	-1.00000E+0	-1.00000E+0
5.10786E+0	-1.00000E+0	-1.00000E+0	-1.00000E+0	-1.00000E+0	3.46814E-2	1.73200E+0	-7.70000E-9	-1.00621E-2	NaN	-1.00000E+0	-1.00000E+0	-1.00000E+0
5.12571E+0	-1.00000E+0	-1.00000E+0	-1.00000E+0	-1.00000E+0	3.47128E-2	1.73200E+0	-7.80000E-9	-1.01760E-2	NaN	-1.00000E+0	-1.00000E+0	-1.00000E+0
5.14353E+0	-1.00000E+0	-1.00000E+0	-1.00000E+0	-1.00000E+0	3.48654E-2	1.73200E+0	-7.90000E-9	-1.02902E-2	NaN	-1.00000E+0	-1.00000E+0	-1.00000E+0
5.16288E+0	-1.00000E+0	-1.00000E+0	-1.00000E+0	-1.00000E+0	3.47826E-2	1.73200E+0	-8.00000E-9	-1.04050E-2	NaN	-1.00000E+0	-1.00000E+0	-1.00000E+0
5.18171E+0	-1.00000E+0	-1.00000E+0	-1.00000E+0	-1.00000E+0	3.47236E-2	1.73200E+0	-8.10000E-9	-1.05183E-2	NaN	-1.00000E+0	-1.00000E+0	-1.00000E+0
5.20083E+0	-1.00000E+0	-1.00000E+0	-1.00000E+0	-1.00000E+0	3.47369E-2	1.73200E+0	-8.20000E-9	-1.06325E-2	NaN	-1.00000E+0	-1.00000E+0	-1.00000E+0
5.21892E+0	-1.00000E+0	-1.00000E+0	-1.00000E+0	-1.00000E+0	3.48733E-2	1.73200E+0	-8.30000E-9	-1.07462E-2	NaN	-1.00000E+0	-1.00000E+0	-1.00000E+0
5.23750E+0	-1.00000E+0	-1.00000E+0	-1.00000E+0	-1.00000E+0	3.48275E-2	1.73200E+0	-8.40000E-9	-1.08619E-2	NaN	-1.00000E+0	-1.00000E+0	-1.00000E+0
5.25517E+0	-1.00000E+0	-1.00000E+0	-1.00000E+0	-1.00000E+0	3.47103E-2	1.73200E+0	-8.50000E-9	-1.09764E-2	NaN	-1.00000E+0	-1.00000E+0	-1.00000E+0
5.27535E+0	-1.00000E+0	-1.00000E+0	-1.00000E+0	-1.00000E+0	3.49225E-2	1.73200E+0	-8.60000E-9	-1.10905E-2	NaN	-1.00000E+0	-1.00000E+0	-1.00000E+0
5.29315E+0	-1.00000E+0	-1.00000E+0	-1.00000E+0	-1.00000E+0	3.46880E-2	1.73200E+0	-8.70000E-9	-1.12049E-2	NaN	-1.00000E+0	-1.00000E+0	-1.00000E+0
5.31225E+0	-1.00000E+0	-1.00000E+0	-1.00000E+0	-1.00000E+0	3.48461E-2	1.73200E+0	-8.80000E-9	-1.13166E-2	NaN	-1.00000E+0	-1.00000E+0	-1.00000E+0
5.33204E+0	-1.00000E+0	-1.00000E+0	-1.00000E+0	-1.00000E+0	3.47910E-2	1.73200E+0	-8.90000E-9	-1.14346E-2	NaN	-1.00000E+0	-1.00000E+0	-1.00000E+0
5.35061E+0	-1.00000E+0	-1.00000E+0	-1.00000E+0	-1.00000E+0	3.48086E-2	1.73200E+0	-9.00000E-9	-1.15499E-2	NaN	-1.00000E+0	-1.00000E+0	-1.00000E+0
5.36974E+0	-1.00000E+0	-1.00000E+0	-1.00000E+0	-1.00000E+0	3.47155E-2	1.73200E+0	-9.10000E-9	-1.16643E-2	NaN	-1.00000E+0	-1.00000E+0	-1.00000E+0
5.38756E+0	-1.00000E+0	-1.00000E+0	-1.00000E+0	-1.00000E+0	3.48033E-2	1.73200E+0	-9.20000E-9	-1.17794E-2	NaN	-1.00000E+0	-1.00000E+0	-1.00000E+0
5.40554E+0	-1.00000E+0	-1.00000E+0	-1.00000E+0	-1.00000E+0	3.47032E-2	1.73200E+0	-9.30000E-9	-1.18936E-2	NaN	-1.00000E+0	-1.00000E+0	-1.00000E+0
5.42344E+0	-1.00000E+0	-1.00000E+0	-1.00000E+0	-1.00000E+0	3.47991E-2	1.73200E+0	-9.40000E-9	-1.20106E-2	NaN	-1.00000E+0	-1.00000E+0	-1.00000E+0
5.44361E+0	-1.00000E+0	-1.00000E+0	-1.00000E+0	-1.00000E+0	3.48469E-2	1.73200E+0	-9.50000E-9	-1.21253E-2	NaN	-1.00000E+0	-1.00000E+0	-1.00000E+0
5.46205E+0	-1.00000E+0	-1.00000E+0	-1.00000E+0	-1.00000E+0	3.48175E-2	1.73200E+0	-9.60000E-9	-1.22415E-2	NaN	-1.00000E+0	-1.00000E+0	-1.00000E+0
5.48166E+0	-1.00000E+0	-1.00000E+0	-1.00000E+0	-1.00000E+0	3.46169E-2	1.73200E+0	-9.70000E-9	-1.23546E-2	NaN	-1.00000E+0	-1.00000E+0	-1.00000E+0
5.50013E+0	-1.00000E+0	-1.00000E+0	-1.00000E+0	-1.00000E+0	3.48344E-2	1.73200E+0	-9.80000E-9	-1.24708E-2	NaN	-1.00000E+0	-1.00000E+0	-1.00000E+0
5.51845E+0	-1.00000E+0	-1.00000E+0	-1.00000E+0	-1.00000E+0	3.49012E-2	1.73200E+0	-9.90000E-9	-1.25889E-2	NaN	-1.00000E+0	-1.00000E+0	-1.00000E+0
5.53730E+0	-1.00000E+0	-1.00000E+0	-1.00000E+0	-1.00000E+0	3.47201E-2	1.73200E+0	-1.00000E-8	-1.27023E-2	NaN	-1.00000E+0	-1.00000E+0	-1.00000E+0
5.55522E+0	-1.00000E+0	-1.00000E+0	-1.00000E+0	-1.00000E+0	3.48006E-2	1.73200E+0	-9.90000E-9	-1.25882E-2	NaN	-1.00000E+0	-1.00000E+0	-1.00000E+0
5.57315E+0	-1.00000E+0	-1.00000E+0	-1.00000E+0	-1.00000E+0	3.46590E-2	1.73200E+0	-9.80000E-9	-1.24712E-2	NaN	-1.00000E+0	-1.00000E+0	-1.00000E+0
5.59169E+0	-1.00000E+0	-1.00000E+0	-1.00000E+0	-1.00000E+0	3.47789E-2	1.73200E+0	-9.70000E-9	-1.23549E-2	NaN	-1.00000E+0	-1.00000E+0	-1.00000E+0
5.61039E+0	-1.00000E+0	-1.00000E+0	-1.00000E+0	-1.00000E+0	3.47443E-2	1.73200E+0	-9.60000E-9	-1.22424E-2	NaN	-1.00000E+0	-1.00000E+0	-1.00000E+0
5.62887E+0	-1.00000E+0	-1.00000E+0	-1.00000E+0	-1.00000E+0	3.47356E-2	1.73200E+0	-9.50000E-9	-1.21258E-2	NaN	-1.00000E+0	-1.00000E+0	-1.00000E+0
5.64802E+0	-1.00000E+0	-1.00000E+0	-1.00000E+0	-1.00000E+0	3.49225E-2	1.73200E+0	-9.40000E-9	-1.20104E-2	NaN	-1.00000E+0	-1.00000E+0	-1.00000E+0
5.66664E+0	-1.00000E+0	-1.00000E+0	-1.00000E+0	-1.00000E+0	3.47060E-2	1.73200E+0	-9.30000E-9	-1.18936E-2	NaN	-1.00000E+0	-1.00000E+0	-1.00000E+0
5.68528E+0	-1.00000E+0	-1.00000E+0	-1.00000E+0	-1.00000E+0	3.47098E-2	1.73200E+0	-9.20000E-9	-1.17799E-2	NaN	-1.00000E+0	-1.00000E+0	-1.00000E+0
5.70491E+0	-1.00000E+0	-1.00000E+0	-1.00000E+0	-1.00000E+0	3.46147E-2	1.73200E+0	-9.10000E-9	-1.16646E-2	NaN	-1.00000E+0	-1.00000E+0	-1.00000E+0
5.72269E+0	-1.00000E+0	-1.00000E+0	-1.00000E+0	-1.00000E+0	3.47509E-2	1.73200E+0	-9.00000E-9	-1.15514E-2	NaN	-1.00000E+0	-1.00000E+0	-1.00000E+0
5.74131E+0	-1.00000E+0	-1.00000E+0	-1.00000E+0	-1.00000E+0	3.48540E-2	1.73200E+0	-8.90000E-9	-1.14358E-2	NaN	-1.00000E+0	-1.00000E+0	-1.00000E+0
5.75935E+0	-1.00000E+0	-1.00000E+0	-1.00000E+0	-1.00000E+0	3.47072E-2	1.73200E+0	-8.80000E-9	-1.13204E-2	NaN	-1.00000E+0	-1.00000E+0	-1.00000E+0
5.77891E+0	-1.00000E+0	-1.00000E+0	-1.00000E+0	-1.00000E+0	3.47469E-2	1.73200E+0	-8.70000E-9	-1.12068E-2	NaN	-1.00000E+0	-1.00000E+0	-1.00000E+0
5.79755E+0	-1.00000E+0	-1.00000E+0	-1.00000E+0	-1.00000E+0	3.46813E-2	1.73200E+0	-8.60000E-9	-1.10907E-2	NaN	-1.00000E+0	-1.00000E+0	-1.00000E+0
5.81602E+0	-1.00000E+0	-1.00000E+0	-1.00000E+0	-1.00000E+0	3.45871E-2	1.73200E+0	-8.50000E-9	-1.09788E-2	NaN	-1.00000E+0	-1.00000E+0	-1.00000E+0
5.83465E+0	-1.00000E+0	-1.00000E+0	-1.00000E+0	-1.00000E+0	3.47792E-2	1.73200E+0	-8.40000E-9	-1.08617E-2	NaN	-1.00000E+0	-1.00000E+0	-1.00000E+0
5.85300E+0	-1.00000E+0	-1.00000E+0	-1.00000E+0	-1.00000E+0	3.48193E-2	1.73200E+0	-8.30000E-9	-1.07477E-2	NaN	-1.00000E+0	-1.00000E+0	-1.00000E+0
5.87092E+0	-1.00000E+0	-1.00000E+0	-1.00000E+0	-1.00000E+0	3.47220E-2	1.73200E+0	-8.20000E-9	-1.06350E-2	NaN	-1.00000E+0	-1.00000E+0	-1.00000E+0
5.88920E+0	-1.00000E+0	-1.00000E+0	-1.00000E+0	-1.00000E+0	3.48585E-2	1.73200E+0	-8.10000E-9	-1.05206E-2	NaN	-1.00000E+0	-1.00000E+0	-1.00000E+0
5.90834E+0	-1.00000E+0	-1.00000E+0	-1.00000E+0	-1.00000E+0	3.49038E-2	1.73200E+0	-8.00000E-9	-1.04070E-2	NaN	-1.00000E+0	-1.00000E+0	-1.00000E+0
5.92616E+0	-1.00000E+0	-1.00000E+0	-1.00000E+0	-1.00000E+0	3.48505E-2	1.73200E+0	-7.90000E-9	-1.02910E-2	NaN	-1.00000E+0	-1.00000E+0	-1.00000E+0
5.94536E+0	-1.00000E+0	-1.00000E+0	-1.00000E+0	-1.00000E+0	3.46414E-2	1.73200E+0	-7.80000E-9	-1.01787E-2	NaN	-1.00000E+0	-1.00000E+0	-1.00000E+0
5.96392E+0	-1.00000E+0	-1.00000E+0	-1.00000E+0	-1.00000E+0	3.47649E-2	1.73200E+0	-7.70000E-9	-1.00627E-2	NaN	-1.00000E+0	-1.00000E+0	-1.00000E+0
5.98353E+0	-1.00000E+0	-1.00000E+0	-1.00000E+0	-1.00000E+0	3.46632E-2	1.73200E+0	-7.60000E-9	-9.94861E-3	NaN	-1.00000E+0	-1.00000E+0	-1.00000E+0
6.00264E+0	-1.00000E+0	-1.00000E+0	-1.00000E+0	-1.00000E+0	3.47004E-2	1.73200E+0	-7.50000E-9	-9.83727E-3	NaN	-1.00000E+0	-1.00000E+0	-1.00000E+0
6.02023E+0	-1.00000E+0	-1.00000E+0	-1.00000E+0	-1.00000E+0	3.46398E-2	1.73200E+0	-7.40000E-9	-9.72006E-3	NaN	-1.00000E+0	-1.00000E+0	-1.00000E+0
6.03850E+0	-1.00000E+0	-1.00000E+0	-1.00000E+0	-1.00000E+0	3.47676E-2	1.73200E+0	-7.30000E-9	-9.60884E-3	NaN	-1.00000E+0	-1.00000E+0	-1.00000E+0
6.05625E+0	-1.00000E+0	-1.00000E+0	-1.00000E+0	-1.00000E+0	3.48002E-2	1.73200E+0	-7.20000E-9	-9.49574E-3	NaN	-1.00000E+0	-1.00000E+0	-1.00000E+0
6.07471E+0	-1.00000E+0	-1.00000E+0	-1.00000E+0	-1.00000E+0	3.46492E-2	1.73200E+0	-7.10000E-9	-9.38418E-3	NaN	-1.00000E+0	-1.00000E+0	-1.00000E+0
6.09257E+0	-1.00000E+0	-1.00000E+0	-1.00000E+0	-1.00000E+0	3.47795E-2	1.73200E+0	-7.00000E-9	-9.24603E-3	NaN	-1.00000E+0	-1.00000E+0	-1.00000E+0
6.11030E+0	-1.00000E+0	-1.00000E+0	-1.00000E+0	-1.00000E+0	3.47665E-2	1.73200E+0	-6.90000E-9	-9.13025E-3	NaN	-1.00000E+0	-1.00000E+0	-1.00000E+0
6.12882E+0	-1.00000E+0	-1.00000E+0	-1.00000E+0	-1.00000E+0	3.46272E-2	1.73200E+0	-6.80000E-9	-9.01879E-3	NaN	-1.00000E+0	-1.00000E+0	-1.00000E+0
6.14797E+0	-1.00000E+0	-1.00000E+0	-1.00000E+0	-1.00000E+0	3.49247E-2	1.73200E+0	-6.70000E-9	-8.90391E-3	NaN	-1.00000E+0	-1.00000E+0	-1.00000E+0
6.16587E+0	-1.00000E+0	-1.00000E+0	-1.00000E+0	-1.00000E+0	3.47825E-2	1.73200E+0	-6.60000E-9	-8.79535E-3	NaN	-1.00000E+0	-1.00000E+0	-1.00000E+0
6.18570E+0	-1.00000E+0	-1.00000E+0	-1.00000E+0	-1.00000E+0	3.46724E-2	1.73200E+0	-6.50000E-9	-8.67915E-3	NaN	-1.00000E+0	-1.00000E+0	-1.00000E+0
6.20522E+0	-1.00000E+0	-1.00000E+0	-1.00000E+0	-1.00000E+0	3.47030E-2	1.73200E+0	-6.40000E-9	-8.56943E-3	NaN	-1.00000E+0	-1.00000E+0	-1.00000E+0
6.22449E+0	-1.00000E+0	-1.00000E+0	-1.00000E+0	-1.00000E+0	3.47044E-2	1.73200E+0	-6.30000E-9	-8.45696E-3	NaN	-1.00000E+0	-1.00000E+0	-1.00000E+0
6.24337E+0	-1.00000E+0	-1.00000E+0	-1.00000E+0	-1.00000E+0	3.45567E-2	1.73200E+0	-6.20000E-9	-8.34356E-3	NaN	-1.00000E+0	-1.00000E+0	-1.00000E+0
6.26214E+0	-1.00000E+0	-1.00000E+0	-1.00000E+0	-1.00000E+0	3.47426E-2	1.73200E+0	-6.10000E-9	-8.23417E-3	NaN	-1.00000E+0	-1.00000E+0	-1.00000E+0
6.28128E+0	-1.00000E+0	-1.00000E+0	-1.00000E+0	-1.00000E+0	3.47626E-2	1.73200E+0	-6.00000E-9	-8.11888E-3	NaN	-1.00000E+0	-1.00000E+0	-1.00000E+0
6.30014E+0	-1.00000E+0	-1.00000E+0	-1.00000E+0	-1.00000E+0	3.48304E-2	1.73200E+0	-5.90000E-9	-8.00960E-3	NaN	-1.00000E+0	-1.00000E+0	-1.00000E+0
6.31789E+0	-1.00000E+0	-1.00000E+0	-1.00000E+0	-1.00000E+0	3.47596E-2	1.73200E+0	-5.80000E-9	-7.89868E-3	NaN	-1.00000E+0	-1.00000E+0	-1.00000E+0
6.33630E+0	-1.00000E+0	-1.00000E+0	-1.00000E+0	-1.00000E+0	3.47715E-2	1.73200E+0	-5.70000E-9	-7.78891E-3	NaN	-1.00000E+0	-1.00000E+0	-1.00000E+0
6.35398E+0	-1.00000E+0	-1.00000E+0	-1.00000E+0	-1.00000E+0	3.48083E-2	1.73200E+0	-5.60000E-9	-7.67579E-3	NaN	-1.00000E+0	-1.00000E+0	-1.00000E+0
6.37196E+0	-1.00000E+0	-1.00000E+0	-1.00000E+0	-1.00000E+0	3.46077E-2	1.73200E+0	-5.50000E-9	-7.56449E-3	NaN	-1.00000E+0	-1.00000E+0	-1.00000E+0
6.38992E+0	-1.00000E+0	-1.00000E+0	-1.00000E+0	-1.00000E+0	3.48236E-2	1.73200E+0	-5.40000E-9	-7.45654E-3	NaN	-1.00000E+0	-1.00000E+0	-1.00000E+0
6.40998E+0	-1.00000E+0	-1.00000E+0	-1.00000E+0	-1.00000E+0	3.47171E-2	1.73200E+0	-5.30000E-9	-7.34438E-3	NaN	-1.00000E+0	-1.00000E+0	-1.00000E+0
6.42963E+0	-1.00000E+0	-1.00000E+0	-1.00000E+0	-1.00000E+0	3.48655E-2	1.73200E+0	-5.20000E-9	-7.23381E-3	NaN	-1.00000E+0	-1.00000E+0	-1.00000E+0
6.44997E+0	-1.00000E+0	-1.00000E+0	-1.00000E+0	-1.00000E+0	3.49941E-2	1.73200E+0	-5.10000E-9	-7.12063E-3	NaN	-1.00000E+0	-1.00000E+0	-1.00000E+0
6.46802E+0	-1.00000E+0	-1.00000E+0	-1.00000E+0	-1.00000E+0	3.46902E-2	1.73200E+0	-5.00000E-9	-7.01420E-3	NaN	-1.00000E+0	-1.00000E+0	-1.00000E+0
6.48580E+0	-1.00000E+0	-1.00000E+0	-1.00000E+0	-1.00000E+0	3.47680E-2	1.73200E+0	-4.90000E-9	-6.90393E-3	NaN	-1.00000E+0	-1.00000E+0	-1.00000E+0
6.50417E+0	-1.00000E+0	-1.00000E+0	-1.00000E+0	-1.00000E+0	3.48458E-2	1.73200E+0	-4.80000E-9	-6.79311E-3	NaN	-1.00000E+0	-1.00000E+0	-1.00000E+0
6.52187E+0	-1.00000E+0	-1.00000E+0	-1.00000E+0	-1.00000E+0	3.47745E-2	1.73200E+0	-4.70000E-9	-6.68550E-3	NaN	-1.00000E+0	-1.00000E+0	-1.00000E+0
6.53971E+0	-1.00000E+0	-1.00000E+0	-1.00000E+0	-1.00000E+0	3.48601E-2	1.73200E+0	-4.60000E-9	-6.57396E-3	NaN	-1.00000E+0	-1.00000E+0	-1.00000E+0
6.55764E+0	-1.00000E+0	-1.00000E+0	-1.00000E+0	-1.00000E+0	3.46382E-2	1.73200E+0	-4.50000E-9	-6.46645E-3	NaN	-1.00000E+0	-1.00000E+0	-1.00000E+0
6.57573E+0	-1.00000E+0	-1.00000E+0	-1.00000E+0	-1.00000E+0	3.45548E-2	1.73200E+0	-4.40000E-9	-6.35709E-3	NaN	-1.00000E+0	-1.00000E+0	-1.00000E+0
6.59358E+0	-1.00000E+0	-1.00000E+0	-1.00000E+0	-1.00000E+0	3.47314E-2	1.73200E+0	-4.30000E-9	-6.24964E-3	NaN	-1.00000E+0	-1.00000E+0	-1.00000E+0
6.61369E+0	-1.00000E+0	-1.00000E+0	-1.00000E+0	-1.00000E+0	3.47321E-2	1.73200E+0	-4.20000E-9	-6.14015E-3	NaN	-1.00000E+0	-1.00000E+0	-1.00000E+0
6.63158E+0	-1.00000E+0	-1.00000E+0	-1.00000E+0	-1.00000E+0	3.46317E-2	1.73200E+0	-4.10000E-9	-6.03543E-3	NaN	-1.00000E+0	-1.00000E+0	-1.00000E+0
6.65011E+0	-1.00000E+0	-1.00000E+0	-1.00000E+0	-1.00000E+0	3.47194E-2	1.73200E+0	-4.00000E-9	-5.93364E-3	NaN	-1.00000E+0	-1.00000E+0	-1.00000E+0
6.66961E+0	-1.00000E+0	-1.00000E+0	-1.00000E+0	-1.00000E+0	3.46743E-2	1.73200E+0	-3.90000E-9	-5.81118E-3	NaN	-1.00000E+0	-1.00000E+0	-1.00000E+0
6.68800E+0	-1.00000E+0	-1.00000E+0	-1.00000E+0	-1.00000E+0	3.48060E-2	1.73200E+0	-3.80000E-9	-5.71524E-3	NaN	-1.00000E+0	-1.00000E+0	-1.00000E+0
6.70658E+0	-1.00000E+0	-1.00000E+0	-1.00000E+0	-1.00000E+0	3.47322E-2	1.73200E+0	-3.70000E-9	-5.62099E-3	NaN	-1.00000E+0	-1.00000E+0	-1.00000E+0
6.72455E+0	-1.00000E+0	-1.00000E+0	-1.00000E+0	-1.00000E+0	3.47962E-2	1.73200E+0	-3.60000E-9	-5.53188E-3	NaN	-1.00000E+0	-1.00000E+0	-1.00000E+0
6.74225E+0	-1.00000E+0	-1.00000E+0	-1.00000E+0	-1.00000E+0	3.46574E-2	1.73200E+0	-3.50000E-9	-5.44033E-3	NaN	-1.00000E+0	-1.00000E+0	-1.00000E+0
6.76215E+0	-1.00000E+0	-1.00000E+0	-1.00000E+0	-1.00000E+0	3.47218E-2	1.73200E+0	-3.40000E-9	-5.35292E-3	NaN	-1.00000E+0	-1.00000E+0	-1.00000E+0
6.78039E+0	-1.00000E+0	-1.00000E+0	-1.00000E+0	-1.00000E+0	3.49216E-2	1.73200E+0	-3.30000E-9	-5.26936E-3	NaN	-1.00000E+0	-1.00000E+0	-1.00000E+0
6.79932E+0	-1.00000E+0	-1.00000E+0	-1.00000E+0	-1.00000E+0	3.47338E-2	1.73200E+0	-3.20000E-9	-5.18507E-3	NaN	-1.00000E+0	-1.00000E+0	-1.00000E+0
6.81792E+0	-1.00000E+0	-1.00000E+0	-1.00000E+0	-1.00000E+0	3.47402E-2	1.73200E+0	-3.10000E-9	-5.11168E-3	NaN	-1.00000E+0	-1.00000E+0	-1.00000E+0
6.83626E+0	-1.00000E+0	-1.00000E+0	-1.00000E+0	-1.00000E+0	3.47874E-2	1.73200E+0	-3.00000E-9	-5.04416E-3	NaN	-1.00000E+0	-1.00000E+0	-1.00000E+0
6.85478E+0	-1.00000E+0	-1.00000E+0	-1.00000E+0	-1.00000E+0	3.47310E-2	1.73200E+0	-2.90000E-9	-4.98924E-3	NaN	-1.00000E+0	-1.00000E+0	-1.00000E+0
6.87329E+0	-1.00000E+0	-1.00000E+0	-1.00000E+0	-1.00000E+0	3.48226E-2	1.73200E+0	-2.80000E-9	-4.93920E-3	NaN	-1.00000E+0	-1.00000E+0	-1.00000E+0
6.89118E+0	-1.00000E+0	-1.00000E+0	-1.00000E+0	-1.00000E+0	3.48000E-2	1.73200E+0	-2.70000E-9	-4.90102E-3	NaN	-1.00000E+0	-1.00000E+0	-1.00000E+0
6.90978E+0	-1.00000E+0	-1.00000E+0	-1.00000E+0	-1.00000E+0	3.46794E-2	1.73200E+0	-2.60000E-9	-4.86979E-3	NaN	-1.00000E+0	-1.00000E+0	-1.00000E+0
6.92868E+0	-1.00000E+0	-1.00000E+0	-1.00000E+0	-1.00000E+0	3.48082E-2	1.73200E+0	-2.50000E-9	-4.85146E-3	NaN	-1.00000E+0	-1.00000E+0	-1.00000E+0
6.94770E+0	-1.00000E+0	-1.00000E+0	-1.00000E+0	-1.00000E+0	3.47901E-2	1.73200E+0	-2.40000E-9	-4.84062E-3	NaN	-1.00000E+0	-1.00000E+0	-1.00000E+0
6.96563E+0	-1.00000E+0	-1.00000E+0	-1.00000E+0	-1.00000E+0	3.45743E-2	1.73200E+0	-2.30000E-9	-4.83278E-3	NaN	-1.00000E+0	-1.00000E+0	-1.00000E+0
6.98432E+0	-1.00000E+0	-1.00000E+0	-1.00000E+0	-1.00000E+0	3.47996E-2	1.73200E+0	-2.20000E-9	-4.82788E-3	NaN	-1.00000E+0	-1.00000E+0	-1.00000E+0
7.00343E+0	-1.00000E+0	-1.00000E+0	-1.00000E+0	-1.00000E+0	3.47808E-2	1.73200E+0	-2.10000E-9	-4.82330E-3	NaN	-1.00000E+0	-1.00000E+0	-1.00000E+0
7.02123E+0	-1.00000E+0	-1.00000E+0	-1.00000E+0	-1.00000E+0	3.47599E-2	1.73200E+0	-2.00000E-9	-4.81992E-3	NaN	-1.00000E+0	-1.00000E+0	-1.00000E+0
7.04087E+0	-1.00000E+0	-1.00000E+0	-1.00000E+0	-1.00000E+0	3.47303E-2	1.73200E+0	-1.90000E-9	-4.81589E-3	NaN	-1.00000E+0	-1.00000E+0	-1.00000E+0
7.05872E+0	-1.00000E+0	-1.00000E+0	-1.00000E+0	-1.00000E+0	3.46268E-2	1.73200E+0	-1.80000E-9	-4.81214E-3	NaN	-1.00000E+0	-1.00000E+0	-1.00000E+0
7.07775E+0	-1.00000E+0	-1.00000E+0	-1.00000E+0	-1.00000E+0	3.47239E-2	1.73200E+0	-1.70000E-9	-4.80905E-3	NaN	-1.00000E+0	-1.00000E+0	-1.00000E+0
7.09559E+0	-1.00000E+0	-1.00000E+0	-1.00000E+0	-1.00000E+0	3.47446E-2	1.73200E+0	-1.60000E-9	-4.80584E-3	NaN	-1.00000E+0	-1.00000E+0	-1.00000E+0
7.11424E+0	-1.00000E+0	-1.00000E+0	-1.00000E+0	-1.00000E+0	3.47062E-2	1.73200E+0	-1.50000E-9	-4.80416E-3	NaN	-1.00000E+0	-1.00000E+0	-1.00000E+0
7.13379E+0	-1.00000E+0	-1.00000E+0	-1.00000E+0	-1.00000E+0	3.47083E-2	1.73200E+0	-1.40000E-9	-4.80268E-3	NaN	-1.00000E+0	-1.00000E+0	-1.00000E+0
7.15229E+0	-1.00000E+0	-1.00000E+0	-1.00000E+0	-1.00000E+0	3.46858E-2	1.73200E+0	-1.30000E-9	-4.80232E-3	NaN	-1.00000E+0	-1.00000E+0	-1.00000E+0
7.17086E+0	-1.00000E+0	-1.00000E+0	-1.00000E+0	-1.00000E+0	3.47239E-2	1.73200E+0	-1.20000E-9	-4.80236E-3	NaN	-1.00000E+0	-1.00000E+0	-1.00000E+0
7.18869E+0	-1.00000E+0	-1.00000E+0	-1.00000E+0	-1.00000E+0	3.45157E-2	1.73200E+0	-1.10000E-9	-4.80241E-3	NaN	-1.00000E+0	-1.00000E+0	-1.00000E+0
7.20666E+0	-1.00000E+0	-1.00000E+0	-1.00000E+0	-1.00000E+0	3.48083E-2	1.73200E+0	-1.00000E-9	-4.80300E-3	NaN	-1.00000E+0	-1.00000E+0	-1.00000E+0
7.22456E+0	-1.00000E+0	-1.00000E+0	-1.00000E+0	-1.00000E+0	3.46273E-2	1.73200E+0	-9.00000E-10	-4.80245E-3	NaN	-1.00000E+0	-1.00000E+0	-1.00000E+0
7.24320E+0	-1.00000E+0	-1.00000E+0	-1.00000E+0	-1.00000E+0	3.46013E-2	1.73200E+0	-8.00000E-10	-4.80254E-3	NaN	-1.00000E+0	-1.00000E+0	-1.00000E+0
7.26205E+0	-1.00000E+0	-1.00000E+0	-1.00000E+0	-1.00000E+0	3.47719E-2	1.73200E+0	-7.00000E-10	-4.80207E-3	NaN	-1.00000E+0	-1.00000E+0	-1.00000E+0
7.28167E+0	-1.00000E+0	-1.00000E+0	-1.00000E+0	-1.00000E+0	3.47424E-2	1.73200E+0	-6.00000E-10	-4.80180E-3	NaN	-1.00000E+0	-1.00000E+0	-1.00000E+0
7.30015E+0	-1.00000E+0	-1.00000E+0	-1.00000E+0	-1.00000E+0	3.46151E-2	1.73200E+0	-5.00000E-10	-4.80061E-3	NaN	-1.00000E+0	-1.00000E+0	-1.00000E+0
7.31837E+0	-1.00000E+0	-1.00000E+0	-1.00000E+0	-1.00000E+0	3.47151E-2	1.73200E+0	-4.00000E-10	-4.79799E-3	NaN	-1.00000E+0	-1.00000E+0	-1.00000E+0
7.33722E+0	-1.00000E+0	-1.00000E+0	-1.00000E+0	-1.00000E+0	3.46826E-2	1.73200E+0	-3.00000E-10	-4.79482E-3	NaN	-1.00000E+0	-1.00000E+0	-1.00000E+0
7.35509E+0	-1.00000E+0	-1.00000E+0	-1.00000E+0	-1.00000E+0	3.46836E-2	1.73200E+0	-2.00000E-10	-4.78702E-3	NaN	-1.00000E+0	-1.00000E+0	-1.00000E+0
7.37317E+0	-1.00000E+0	-1.00000E+0	-1.00000E+0	-1.00000E+0	3.48636E-2	1.73200E+0	-1.00000E-10	-4.77956E-3	NaN	-1.00000E+0	-1.00000E+0	-1.00000E+0
