Date: Sun, Apr 05, 2020 1:41 PM; User: wsLu; Sample: 59BBNX_IVcZF

Force G mode: None
Force S mode: AWG:IDC	Force S Rser (Max I): 100Mohm - 20nA
Attn: 1.000000E+0; DL1201 gain: 100; Voff (V): 0.000000E+0;
I bias (A): 1.000000E-10 Coil range (A): 2.000000E-3; Coil factor (G/A): 580

Sense mode: HP:IDC/DL1201; DUT Z setting: >10Gohm
tf stb (ms): 500; ts stb (ms): 50; ts itr (ms): 10; #s itr: 1

SetpG file:
\\JOSH-PC\OurData\wsLu\RawData\DC\setpt\MRmL0d96mA-P0d68t0d96mS5u_57d.txt
SetpS file:
\\JOSH-PC\OurData\wsLu\RawData\DC\setpt\IVnR10nA_PN10nS100p_400d.txt

Note:
1. Pin assignment: 6ab,7ab
2. HP34401 fast 6 digit
3. DL1201 preamp, HPF DC, LPF 3Hz; DC coupled, bat power



!DATASTR!
Time	T1	T2	T5	T6	T8	IG	IS	V1	SD1	V2	SD2	Rcali
(min)	(K)	(K)	(K)	(K)	(K)	(A)	(A)	(V)	(V)	(V)	(V)	(ohm)
7.32225E-1	-1.00000E+0	-1.00000E+0	-1.00000E+0	-1.00000E+0	3.33808E-2	1.73200E+0	0.00000E+0	-3.80263E-3	NaN	-1.00000E+0	-1.00000E+0	-1.00000E+0
7.51026E-1	-1.00000E+0	-1.00000E+0	-1.00000E+0	-1.00000E+0	3.33907E-2	1.73200E+0	1.00000E-10	-1.16507E-4	NaN	-1.00000E+0	-1.00000E+0	-1.00000E+0
7.70177E-1	-1.00000E+0	-1.00000E+0	-1.00000E+0	-1.00000E+0	3.32383E-2	1.73200E+0	2.00000E-10	3.87562E-3	NaN	-1.00000E+0	-1.00000E+0	-1.00000E+0
7.89328E-1	-1.00000E+0	-1.00000E+0	-1.00000E+0	-1.00000E+0	3.33770E-2	1.73200E+0	3.00000E-10	4.34562E-3	NaN	-1.00000E+0	-1.00000E+0	-1.00000E+0
8.07946E-1	-1.00000E+0	-1.00000E+0	-1.00000E+0	-1.00000E+0	3.32884E-2	1.73200E+0	4.00000E-10	4.36275E-3	NaN	-1.00000E+0	-1.00000E+0	-1.00000E+0
8.26447E-1	-1.00000E+0	-1.00000E+0	-1.00000E+0	-1.00000E+0	3.31589E-2	1.73200E+0	5.00000E-10	4.36856E-3	NaN	-1.00000E+0	-1.00000E+0	-1.00000E+0
8.45498E-1	-1.00000E+0	-1.00000E+0	-1.00000E+0	-1.00000E+0	3.31046E-2	1.73200E+0	6.00000E-10	4.37319E-3	NaN	-1.00000E+0	-1.00000E+0	-1.00000E+0
8.64633E-1	-1.00000E+0	-1.00000E+0	-1.00000E+0	-1.00000E+0	3.30015E-2	1.73200E+0	7.00000E-10	4.37538E-3	NaN	-1.00000E+0	-1.00000E+0	-1.00000E+0
8.83067E-1	-1.00000E+0	-1.00000E+0	-1.00000E+0	-1.00000E+0	3.31929E-2	1.73200E+0	8.00000E-10	4.37771E-3	NaN	-1.00000E+0	-1.00000E+0	-1.00000E+0
9.01602E-1	-1.00000E+0	-1.00000E+0	-1.00000E+0	-1.00000E+0	3.30249E-2	1.73200E+0	9.00000E-10	4.37916E-3	NaN	-1.00000E+0	-1.00000E+0	-1.00000E+0
9.20186E-1	-1.00000E+0	-1.00000E+0	-1.00000E+0	-1.00000E+0	3.29330E-2	1.73200E+0	1.00000E-9	4.38060E-3	NaN	-1.00000E+0	-1.00000E+0	-1.00000E+0
9.38787E-1	-1.00000E+0	-1.00000E+0	-1.00000E+0	-1.00000E+0	3.29451E-2	1.73200E+0	1.10000E-9	4.38199E-3	NaN	-1.00000E+0	-1.00000E+0	-1.00000E+0
9.57288E-1	-1.00000E+0	-1.00000E+0	-1.00000E+0	-1.00000E+0	3.29360E-2	1.73200E+0	1.20000E-9	4.38318E-3	NaN	-1.00000E+0	-1.00000E+0	-1.00000E+0
9.75772E-1	-1.00000E+0	-1.00000E+0	-1.00000E+0	-1.00000E+0	3.28156E-2	1.73200E+0	1.30000E-9	4.38485E-3	NaN	-1.00000E+0	-1.00000E+0	-1.00000E+0
9.94357E-1	-1.00000E+0	-1.00000E+0	-1.00000E+0	-1.00000E+0	3.28020E-2	1.73200E+0	1.40000E-9	4.38611E-3	NaN	-1.00000E+0	-1.00000E+0	-1.00000E+0
1.01279E+0	-1.00000E+0	-1.00000E+0	-1.00000E+0	-1.00000E+0	3.28606E-2	1.73200E+0	1.50000E-9	4.38759E-3	NaN	-1.00000E+0	-1.00000E+0	-1.00000E+0
1.03184E+0	-1.00000E+0	-1.00000E+0	-1.00000E+0	-1.00000E+0	3.28136E-2	1.73200E+0	1.60000E-9	4.38898E-3	NaN	-1.00000E+0	-1.00000E+0	-1.00000E+0
1.05028E+0	-1.00000E+0	-1.00000E+0	-1.00000E+0	-1.00000E+0	3.28881E-2	1.73200E+0	1.70000E-9	4.39008E-3	NaN	-1.00000E+0	-1.00000E+0	-1.00000E+0
1.06876E+0	-1.00000E+0	-1.00000E+0	-1.00000E+0	-1.00000E+0	3.26317E-2	1.73200E+0	1.80000E-9	4.39136E-3	NaN	-1.00000E+0	-1.00000E+0	-1.00000E+0
1.08721E+0	-1.00000E+0	-1.00000E+0	-1.00000E+0	-1.00000E+0	3.26360E-2	1.73200E+0	1.90000E-9	4.39250E-3	NaN	-1.00000E+0	-1.00000E+0	-1.00000E+0
1.10603E+0	-1.00000E+0	-1.00000E+0	-1.00000E+0	-1.00000E+0	3.26158E-2	1.73200E+0	2.00000E-9	4.39387E-3	NaN	-1.00000E+0	-1.00000E+0	-1.00000E+0
1.12465E+0	-1.00000E+0	-1.00000E+0	-1.00000E+0	-1.00000E+0	3.26102E-2	1.73200E+0	2.10000E-9	4.39501E-3	NaN	-1.00000E+0	-1.00000E+0	-1.00000E+0
1.14355E+0	-1.00000E+0	-1.00000E+0	-1.00000E+0	-1.00000E+0	3.27343E-2	1.73200E+0	2.20000E-9	4.39611E-3	NaN	-1.00000E+0	-1.00000E+0	-1.00000E+0
1.16215E+0	-1.00000E+0	-1.00000E+0	-1.00000E+0	-1.00000E+0	3.27540E-2	1.73200E+0	2.30000E-9	4.39783E-3	NaN	-1.00000E+0	-1.00000E+0	-1.00000E+0
1.18077E+0	-1.00000E+0	-1.00000E+0	-1.00000E+0	-1.00000E+0	3.25705E-2	1.73200E+0	2.40000E-9	4.39956E-3	NaN	-1.00000E+0	-1.00000E+0	-1.00000E+0
1.19922E+0	-1.00000E+0	-1.00000E+0	-1.00000E+0	-1.00000E+0	3.25767E-2	1.73200E+0	2.50000E-9	4.40116E-3	NaN	-1.00000E+0	-1.00000E+0	-1.00000E+0
1.21779E+0	-1.00000E+0	-1.00000E+0	-1.00000E+0	-1.00000E+0	3.25136E-2	1.73200E+0	2.60000E-9	4.40362E-3	NaN	-1.00000E+0	-1.00000E+0	-1.00000E+0
1.23684E+0	-1.00000E+0	-1.00000E+0	-1.00000E+0	-1.00000E+0	3.27174E-2	1.73200E+0	2.70000E-9	4.40645E-3	NaN	-1.00000E+0	-1.00000E+0	-1.00000E+0
1.25546E+0	-1.00000E+0	-1.00000E+0	-1.00000E+0	-1.00000E+0	3.26110E-2	1.73200E+0	2.80000E-9	4.40993E-3	NaN	-1.00000E+0	-1.00000E+0	-1.00000E+0
1.27407E+0	-1.00000E+0	-1.00000E+0	-1.00000E+0	-1.00000E+0	3.24601E-2	1.73200E+0	2.90000E-9	4.41336E-3	NaN	-1.00000E+0	-1.00000E+0	-1.00000E+0
1.29252E+0	-1.00000E+0	-1.00000E+0	-1.00000E+0	-1.00000E+0	3.25499E-2	1.73200E+0	3.00000E-9	4.41766E-3	NaN	-1.00000E+0	-1.00000E+0	-1.00000E+0
1.31218E+0	-1.00000E+0	-1.00000E+0	-1.00000E+0	-1.00000E+0	3.24885E-2	1.73200E+0	3.10000E-9	4.42332E-3	NaN	-1.00000E+0	-1.00000E+0	-1.00000E+0
1.33078E+0	-1.00000E+0	-1.00000E+0	-1.00000E+0	-1.00000E+0	3.24557E-2	1.73200E+0	3.20000E-9	4.43211E-3	NaN	-1.00000E+0	-1.00000E+0	-1.00000E+0
1.34934E+0	-1.00000E+0	-1.00000E+0	-1.00000E+0	-1.00000E+0	3.24392E-2	1.73200E+0	3.30000E-9	4.44760E-3	NaN	-1.00000E+0	-1.00000E+0	-1.00000E+0
1.36796E+0	-1.00000E+0	-1.00000E+0	-1.00000E+0	-1.00000E+0	3.26345E-2	1.73200E+0	3.40000E-9	4.46999E-3	NaN	-1.00000E+0	-1.00000E+0	-1.00000E+0
1.38653E+0	-1.00000E+0	-1.00000E+0	-1.00000E+0	-1.00000E+0	3.25220E-2	1.73200E+0	3.50000E-9	4.50396E-3	NaN	-1.00000E+0	-1.00000E+0	-1.00000E+0
1.40558E+0	-1.00000E+0	-1.00000E+0	-1.00000E+0	-1.00000E+0	3.23946E-2	1.73200E+0	3.60000E-9	4.54804E-3	NaN	-1.00000E+0	-1.00000E+0	-1.00000E+0
1.42473E+0	-1.00000E+0	-1.00000E+0	-1.00000E+0	-1.00000E+0	3.25517E-2	1.73200E+0	3.70000E-9	4.60340E-3	NaN	-1.00000E+0	-1.00000E+0	-1.00000E+0
1.44328E+0	-1.00000E+0	-1.00000E+0	-1.00000E+0	-1.00000E+0	3.24495E-2	1.73200E+0	3.80000E-9	4.66220E-3	NaN	-1.00000E+0	-1.00000E+0	-1.00000E+0
1.46185E+0	-1.00000E+0	-1.00000E+0	-1.00000E+0	-1.00000E+0	3.25392E-2	1.73200E+0	3.90000E-9	4.72310E-3	NaN	-1.00000E+0	-1.00000E+0	-1.00000E+0
1.48013E+0	-1.00000E+0	-1.00000E+0	-1.00000E+0	-1.00000E+0	3.24483E-2	1.73200E+0	4.00000E-9	4.80368E-3	NaN	-1.00000E+0	-1.00000E+0	-1.00000E+0
1.49864E+0	-1.00000E+0	-1.00000E+0	-1.00000E+0	-1.00000E+0	3.25719E-2	1.73200E+0	4.10000E-9	4.87569E-3	NaN	-1.00000E+0	-1.00000E+0	-1.00000E+0
1.51907E+0	-1.00000E+0	-1.00000E+0	-1.00000E+0	-1.00000E+0	3.24024E-2	1.73200E+0	4.20000E-9	4.95619E-3	NaN	-1.00000E+0	-1.00000E+0	-1.00000E+0
1.53767E+0	-1.00000E+0	-1.00000E+0	-1.00000E+0	-1.00000E+0	3.24278E-2	1.73200E+0	4.30000E-9	5.03815E-3	NaN	-1.00000E+0	-1.00000E+0	-1.00000E+0
1.55612E+0	-1.00000E+0	-1.00000E+0	-1.00000E+0	-1.00000E+0	3.23124E-2	1.73200E+0	4.40000E-9	5.12077E-3	NaN	-1.00000E+0	-1.00000E+0	-1.00000E+0
1.57446E+0	-1.00000E+0	-1.00000E+0	-1.00000E+0	-1.00000E+0	3.22860E-2	1.73200E+0	4.50000E-9	5.20382E-3	NaN	-1.00000E+0	-1.00000E+0	-1.00000E+0
1.59299E+0	-1.00000E+0	-1.00000E+0	-1.00000E+0	-1.00000E+0	3.25604E-2	1.73200E+0	4.60000E-9	5.28710E-3	NaN	-1.00000E+0	-1.00000E+0	-1.00000E+0
1.61158E+0	-1.00000E+0	-1.00000E+0	-1.00000E+0	-1.00000E+0	3.24218E-2	1.73200E+0	4.70000E-9	5.37290E-3	NaN	-1.00000E+0	-1.00000E+0	-1.00000E+0
1.62999E+0	-1.00000E+0	-1.00000E+0	-1.00000E+0	-1.00000E+0	3.24425E-2	1.73200E+0	4.80000E-9	5.45784E-3	NaN	-1.00000E+0	-1.00000E+0	-1.00000E+0
1.64864E+0	-1.00000E+0	-1.00000E+0	-1.00000E+0	-1.00000E+0	3.25268E-2	1.73200E+0	4.90000E-9	5.54561E-3	NaN	-1.00000E+0	-1.00000E+0	-1.00000E+0
1.66771E+0	-1.00000E+0	-1.00000E+0	-1.00000E+0	-1.00000E+0	3.24073E-2	1.73200E+0	5.00000E-9	5.63209E-3	NaN	-1.00000E+0	-1.00000E+0	-1.00000E+0
1.68628E+0	-1.00000E+0	-1.00000E+0	-1.00000E+0	-1.00000E+0	3.22237E-2	1.73200E+0	5.10000E-9	5.71891E-3	NaN	-1.00000E+0	-1.00000E+0	-1.00000E+0
1.70478E+0	-1.00000E+0	-1.00000E+0	-1.00000E+0	-1.00000E+0	3.23530E-2	1.73200E+0	5.20000E-9	5.80700E-3	NaN	-1.00000E+0	-1.00000E+0	-1.00000E+0
1.72327E+0	-1.00000E+0	-1.00000E+0	-1.00000E+0	-1.00000E+0	3.22321E-2	1.73200E+0	5.30000E-9	5.89476E-3	NaN	-1.00000E+0	-1.00000E+0	-1.00000E+0
1.74185E+0	-1.00000E+0	-1.00000E+0	-1.00000E+0	-1.00000E+0	3.24198E-2	1.73200E+0	5.40000E-9	5.98449E-3	NaN	-1.00000E+0	-1.00000E+0	-1.00000E+0
1.76042E+0	-1.00000E+0	-1.00000E+0	-1.00000E+0	-1.00000E+0	3.22809E-2	1.73200E+0	5.50000E-9	6.07139E-3	NaN	-1.00000E+0	-1.00000E+0	-1.00000E+0
1.77889E+0	-1.00000E+0	-1.00000E+0	-1.00000E+0	-1.00000E+0	3.24264E-2	1.73200E+0	5.60000E-9	6.16186E-3	NaN	-1.00000E+0	-1.00000E+0	-1.00000E+0
1.79807E+0	-1.00000E+0	-1.00000E+0	-1.00000E+0	-1.00000E+0	3.21780E-2	1.73200E+0	5.70000E-9	6.25131E-3	NaN	-1.00000E+0	-1.00000E+0	-1.00000E+0
1.81654E+0	-1.00000E+0	-1.00000E+0	-1.00000E+0	-1.00000E+0	3.24336E-2	1.73200E+0	5.80000E-9	6.33953E-3	NaN	-1.00000E+0	-1.00000E+0	-1.00000E+0
1.83599E+0	-1.00000E+0	-1.00000E+0	-1.00000E+0	-1.00000E+0	3.24019E-2	1.73200E+0	5.90000E-9	6.42631E-3	NaN	-1.00000E+0	-1.00000E+0	-1.00000E+0
1.85442E+0	-1.00000E+0	-1.00000E+0	-1.00000E+0	-1.00000E+0	3.24278E-2	1.73200E+0	6.00000E-9	6.51753E-3	NaN	-1.00000E+0	-1.00000E+0	-1.00000E+0
1.87299E+0	-1.00000E+0	-1.00000E+0	-1.00000E+0	-1.00000E+0	3.23019E-2	1.73200E+0	6.10000E-9	6.60862E-3	NaN	-1.00000E+0	-1.00000E+0	-1.00000E+0
1.89292E+0	-1.00000E+0	-1.00000E+0	-1.00000E+0	-1.00000E+0	3.23693E-2	1.73200E+0	6.20000E-9	6.69857E-3	NaN	-1.00000E+0	-1.00000E+0	-1.00000E+0
1.91151E+0	-1.00000E+0	-1.00000E+0	-1.00000E+0	-1.00000E+0	3.23901E-2	1.73200E+0	6.30000E-9	6.78704E-3	NaN	-1.00000E+0	-1.00000E+0	-1.00000E+0
1.93101E+0	-1.00000E+0	-1.00000E+0	-1.00000E+0	-1.00000E+0	3.22032E-2	1.73200E+0	6.40000E-9	6.87773E-3	NaN	-1.00000E+0	-1.00000E+0	-1.00000E+0
1.94949E+0	-1.00000E+0	-1.00000E+0	-1.00000E+0	-1.00000E+0	3.22414E-2	1.73200E+0	6.50000E-9	6.96998E-3	NaN	-1.00000E+0	-1.00000E+0	-1.00000E+0
1.96796E+0	-1.00000E+0	-1.00000E+0	-1.00000E+0	-1.00000E+0	3.23409E-2	1.73200E+0	6.60000E-9	7.06078E-3	NaN	-1.00000E+0	-1.00000E+0	-1.00000E+0
1.98630E+0	-1.00000E+0	-1.00000E+0	-1.00000E+0	-1.00000E+0	3.23465E-2	1.73200E+0	6.70000E-9	7.15087E-3	NaN	-1.00000E+0	-1.00000E+0	-1.00000E+0
2.00488E+0	-1.00000E+0	-1.00000E+0	-1.00000E+0	-1.00000E+0	3.22633E-2	1.73200E+0	6.80000E-9	7.24198E-3	NaN	-1.00000E+0	-1.00000E+0	-1.00000E+0
2.02332E+0	-1.00000E+0	-1.00000E+0	-1.00000E+0	-1.00000E+0	3.22337E-2	1.73200E+0	6.90000E-9	7.33294E-3	NaN	-1.00000E+0	-1.00000E+0	-1.00000E+0
2.04165E+0	-1.00000E+0	-1.00000E+0	-1.00000E+0	-1.00000E+0	3.23354E-2	1.73200E+0	7.00000E-9	7.42464E-3	NaN	-1.00000E+0	-1.00000E+0	-1.00000E+0
2.06000E+0	-1.00000E+0	-1.00000E+0	-1.00000E+0	-1.00000E+0	3.23811E-2	1.73200E+0	7.10000E-9	7.53242E-3	NaN	-1.00000E+0	-1.00000E+0	-1.00000E+0
2.07857E+0	-1.00000E+0	-1.00000E+0	-1.00000E+0	-1.00000E+0	3.22254E-2	1.73200E+0	7.20000E-9	7.62602E-3	NaN	-1.00000E+0	-1.00000E+0	-1.00000E+0
2.09710E+0	-1.00000E+0	-1.00000E+0	-1.00000E+0	-1.00000E+0	3.20728E-2	1.73200E+0	7.30000E-9	7.71656E-3	NaN	-1.00000E+0	-1.00000E+0	-1.00000E+0
2.11544E+0	-1.00000E+0	-1.00000E+0	-1.00000E+0	-1.00000E+0	3.22643E-2	1.73200E+0	7.40000E-9	7.81001E-3	NaN	-1.00000E+0	-1.00000E+0	-1.00000E+0
2.13392E+0	-1.00000E+0	-1.00000E+0	-1.00000E+0	-1.00000E+0	3.22808E-2	1.73200E+0	7.50000E-9	7.90108E-3	NaN	-1.00000E+0	-1.00000E+0	-1.00000E+0
2.15241E+0	-1.00000E+0	-1.00000E+0	-1.00000E+0	-1.00000E+0	3.23735E-2	1.73200E+0	7.60000E-9	7.99178E-3	NaN	-1.00000E+0	-1.00000E+0	-1.00000E+0
2.17097E+0	-1.00000E+0	-1.00000E+0	-1.00000E+0	-1.00000E+0	3.22580E-2	1.73200E+0	7.70000E-9	8.08571E-3	NaN	-1.00000E+0	-1.00000E+0	-1.00000E+0
2.18994E+0	-1.00000E+0	-1.00000E+0	-1.00000E+0	-1.00000E+0	3.22996E-2	1.73200E+0	7.80000E-9	8.17581E-3	NaN	-1.00000E+0	-1.00000E+0	-1.00000E+0
2.20853E+0	-1.00000E+0	-1.00000E+0	-1.00000E+0	-1.00000E+0	3.22144E-2	1.73200E+0	7.90000E-9	8.27296E-3	NaN	-1.00000E+0	-1.00000E+0	-1.00000E+0
2.22698E+0	-1.00000E+0	-1.00000E+0	-1.00000E+0	-1.00000E+0	3.22886E-2	1.73200E+0	8.00000E-9	8.36315E-3	NaN	-1.00000E+0	-1.00000E+0	-1.00000E+0
2.24558E+0	-1.00000E+0	-1.00000E+0	-1.00000E+0	-1.00000E+0	3.22852E-2	1.73200E+0	8.10000E-9	8.45610E-3	NaN	-1.00000E+0	-1.00000E+0	-1.00000E+0
2.26406E+0	-1.00000E+0	-1.00000E+0	-1.00000E+0	-1.00000E+0	3.22617E-2	1.73200E+0	8.20000E-9	8.54972E-3	NaN	-1.00000E+0	-1.00000E+0	-1.00000E+0
2.28270E+0	-1.00000E+0	-1.00000E+0	-1.00000E+0	-1.00000E+0	3.21904E-2	1.73200E+0	8.30000E-9	8.64029E-3	NaN	-1.00000E+0	-1.00000E+0	-1.00000E+0
2.30105E+0	-1.00000E+0	-1.00000E+0	-1.00000E+0	-1.00000E+0	3.22679E-2	1.73200E+0	8.40000E-9	8.73428E-3	NaN	-1.00000E+0	-1.00000E+0	-1.00000E+0
2.31950E+0	-1.00000E+0	-1.00000E+0	-1.00000E+0	-1.00000E+0	3.22936E-2	1.73200E+0	8.50000E-9	8.82501E-3	NaN	-1.00000E+0	-1.00000E+0	-1.00000E+0
2.33852E+0	-1.00000E+0	-1.00000E+0	-1.00000E+0	-1.00000E+0	3.21637E-2	1.73200E+0	8.60000E-9	8.91886E-3	NaN	-1.00000E+0	-1.00000E+0	-1.00000E+0
2.35695E+0	-1.00000E+0	-1.00000E+0	-1.00000E+0	-1.00000E+0	3.21003E-2	1.73200E+0	8.70000E-9	9.01116E-3	NaN	-1.00000E+0	-1.00000E+0	-1.00000E+0
2.37544E+0	-1.00000E+0	-1.00000E+0	-1.00000E+0	-1.00000E+0	3.22703E-2	1.73200E+0	8.80000E-9	9.10512E-3	NaN	-1.00000E+0	-1.00000E+0	-1.00000E+0
2.39394E+0	-1.00000E+0	-1.00000E+0	-1.00000E+0	-1.00000E+0	3.21845E-2	1.73200E+0	8.90000E-9	9.20018E-3	NaN	-1.00000E+0	-1.00000E+0	-1.00000E+0
2.41252E+0	-1.00000E+0	-1.00000E+0	-1.00000E+0	-1.00000E+0	3.24451E-2	1.73200E+0	9.00000E-9	9.29237E-3	NaN	-1.00000E+0	-1.00000E+0	-1.00000E+0
2.43157E+0	-1.00000E+0	-1.00000E+0	-1.00000E+0	-1.00000E+0	3.22003E-2	1.73200E+0	9.10000E-9	9.38609E-3	NaN	-1.00000E+0	-1.00000E+0	-1.00000E+0
2.45074E+0	-1.00000E+0	-1.00000E+0	-1.00000E+0	-1.00000E+0	3.24072E-2	1.73200E+0	9.20000E-9	9.47545E-3	NaN	-1.00000E+0	-1.00000E+0	-1.00000E+0
2.46907E+0	-1.00000E+0	-1.00000E+0	-1.00000E+0	-1.00000E+0	3.24134E-2	1.73200E+0	9.30000E-9	9.57149E-3	NaN	-1.00000E+0	-1.00000E+0	-1.00000E+0
2.48766E+0	-1.00000E+0	-1.00000E+0	-1.00000E+0	-1.00000E+0	3.22612E-2	1.73200E+0	9.40000E-9	9.66394E-3	NaN	-1.00000E+0	-1.00000E+0	-1.00000E+0
2.50626E+0	-1.00000E+0	-1.00000E+0	-1.00000E+0	-1.00000E+0	3.23647E-2	1.73200E+0	9.50000E-9	9.75885E-3	NaN	-1.00000E+0	-1.00000E+0	-1.00000E+0
2.52539E+0	-1.00000E+0	-1.00000E+0	-1.00000E+0	-1.00000E+0	3.23026E-2	1.73200E+0	9.60000E-9	9.85306E-3	NaN	-1.00000E+0	-1.00000E+0	-1.00000E+0
2.54380E+0	-1.00000E+0	-1.00000E+0	-1.00000E+0	-1.00000E+0	3.25996E-2	1.73200E+0	9.70000E-9	9.94403E-3	NaN	-1.00000E+0	-1.00000E+0	-1.00000E+0
2.56238E+0	-1.00000E+0	-1.00000E+0	-1.00000E+0	-1.00000E+0	3.23838E-2	1.73200E+0	9.80000E-9	1.00430E-2	NaN	-1.00000E+0	-1.00000E+0	-1.00000E+0
2.58223E+0	-1.00000E+0	-1.00000E+0	-1.00000E+0	-1.00000E+0	3.25432E-2	1.73200E+0	9.90000E-9	1.01346E-2	NaN	-1.00000E+0	-1.00000E+0	-1.00000E+0
2.60072E+0	-1.00000E+0	-1.00000E+0	-1.00000E+0	-1.00000E+0	3.25559E-2	1.73200E+0	9.90000E-9	1.01351E-2	NaN	-1.00000E+0	-1.00000E+0	-1.00000E+0
2.61918E+0	-1.00000E+0	-1.00000E+0	-1.00000E+0	-1.00000E+0	3.24313E-2	1.73200E+0	9.80000E-9	1.00415E-2	NaN	-1.00000E+0	-1.00000E+0	-1.00000E+0
2.63838E+0	-1.00000E+0	-1.00000E+0	-1.00000E+0	-1.00000E+0	3.24034E-2	1.73200E+0	9.70000E-9	9.94426E-3	NaN	-1.00000E+0	-1.00000E+0	-1.00000E+0
2.65712E+0	-1.00000E+0	-1.00000E+0	-1.00000E+0	-1.00000E+0	3.24468E-2	1.73200E+0	9.60000E-9	9.85295E-3	NaN	-1.00000E+0	-1.00000E+0	-1.00000E+0
2.67627E+0	-1.00000E+0	-1.00000E+0	-1.00000E+0	-1.00000E+0	3.24444E-2	1.73200E+0	9.50000E-9	9.75817E-3	NaN	-1.00000E+0	-1.00000E+0	-1.00000E+0
2.69490E+0	-1.00000E+0	-1.00000E+0	-1.00000E+0	-1.00000E+0	3.22974E-2	1.73200E+0	9.40000E-9	9.66322E-3	NaN	-1.00000E+0	-1.00000E+0	-1.00000E+0
2.71349E+0	-1.00000E+0	-1.00000E+0	-1.00000E+0	-1.00000E+0	3.24428E-2	1.73200E+0	9.30000E-9	9.57122E-3	NaN	-1.00000E+0	-1.00000E+0	-1.00000E+0
2.73197E+0	-1.00000E+0	-1.00000E+0	-1.00000E+0	-1.00000E+0	3.24808E-2	1.73200E+0	9.20000E-9	9.47407E-3	NaN	-1.00000E+0	-1.00000E+0	-1.00000E+0
2.75152E+0	-1.00000E+0	-1.00000E+0	-1.00000E+0	-1.00000E+0	3.25478E-2	1.73200E+0	9.10000E-9	9.38389E-3	NaN	-1.00000E+0	-1.00000E+0	-1.00000E+0
2.76993E+0	-1.00000E+0	-1.00000E+0	-1.00000E+0	-1.00000E+0	3.24615E-2	1.73200E+0	9.00000E-9	9.29024E-3	NaN	-1.00000E+0	-1.00000E+0	-1.00000E+0
2.78851E+0	-1.00000E+0	-1.00000E+0	-1.00000E+0	-1.00000E+0	3.25952E-2	1.73200E+0	8.90000E-9	9.19883E-3	NaN	-1.00000E+0	-1.00000E+0	-1.00000E+0
2.80694E+0	-1.00000E+0	-1.00000E+0	-1.00000E+0	-1.00000E+0	3.24436E-2	1.73200E+0	8.80000E-9	9.10343E-3	NaN	-1.00000E+0	-1.00000E+0	-1.00000E+0
2.82693E+0	-1.00000E+0	-1.00000E+0	-1.00000E+0	-1.00000E+0	3.25693E-2	1.73200E+0	8.70000E-9	9.00944E-3	NaN	-1.00000E+0	-1.00000E+0	-1.00000E+0
2.84551E+0	-1.00000E+0	-1.00000E+0	-1.00000E+0	-1.00000E+0	3.27124E-2	1.73200E+0	8.60000E-9	8.91713E-3	NaN	-1.00000E+0	-1.00000E+0	-1.00000E+0
2.86400E+0	-1.00000E+0	-1.00000E+0	-1.00000E+0	-1.00000E+0	3.26381E-2	1.73200E+0	8.50000E-9	8.82324E-3	NaN	-1.00000E+0	-1.00000E+0	-1.00000E+0
2.88390E+0	-1.00000E+0	-1.00000E+0	-1.00000E+0	-1.00000E+0	3.25660E-2	1.73200E+0	8.40000E-9	8.73170E-3	NaN	-1.00000E+0	-1.00000E+0	-1.00000E+0
2.90238E+0	-1.00000E+0	-1.00000E+0	-1.00000E+0	-1.00000E+0	3.25844E-2	1.73200E+0	8.30000E-9	8.63920E-3	NaN	-1.00000E+0	-1.00000E+0	-1.00000E+0
2.92077E+0	-1.00000E+0	-1.00000E+0	-1.00000E+0	-1.00000E+0	3.26144E-2	1.73200E+0	8.20000E-9	8.54753E-3	NaN	-1.00000E+0	-1.00000E+0	-1.00000E+0
2.93987E+0	-1.00000E+0	-1.00000E+0	-1.00000E+0	-1.00000E+0	3.27158E-2	1.73200E+0	8.10000E-9	8.45305E-3	NaN	-1.00000E+0	-1.00000E+0	-1.00000E+0
2.95877E+0	-1.00000E+0	-1.00000E+0	-1.00000E+0	-1.00000E+0	3.26436E-2	1.73200E+0	8.00000E-9	8.35917E-3	NaN	-1.00000E+0	-1.00000E+0	-1.00000E+0
2.97737E+0	-1.00000E+0	-1.00000E+0	-1.00000E+0	-1.00000E+0	3.27646E-2	1.73200E+0	7.90000E-9	8.26996E-3	NaN	-1.00000E+0	-1.00000E+0	-1.00000E+0
2.99580E+0	-1.00000E+0	-1.00000E+0	-1.00000E+0	-1.00000E+0	3.27330E-2	1.73200E+0	7.80000E-9	8.17202E-3	NaN	-1.00000E+0	-1.00000E+0	-1.00000E+0
3.01414E+0	-1.00000E+0	-1.00000E+0	-1.00000E+0	-1.00000E+0	3.26750E-2	1.73200E+0	7.70000E-9	8.08010E-3	NaN	-1.00000E+0	-1.00000E+0	-1.00000E+0
3.03246E+0	-1.00000E+0	-1.00000E+0	-1.00000E+0	-1.00000E+0	3.29076E-2	1.73200E+0	7.60000E-9	7.98738E-3	NaN	-1.00000E+0	-1.00000E+0	-1.00000E+0
3.05067E+0	-1.00000E+0	-1.00000E+0	-1.00000E+0	-1.00000E+0	3.27373E-2	1.73200E+0	7.50000E-9	7.89593E-3	NaN	-1.00000E+0	-1.00000E+0	-1.00000E+0
3.06934E+0	-1.00000E+0	-1.00000E+0	-1.00000E+0	-1.00000E+0	3.27213E-2	1.73200E+0	7.40000E-9	7.80541E-3	NaN	-1.00000E+0	-1.00000E+0	-1.00000E+0
3.08773E+0	-1.00000E+0	-1.00000E+0	-1.00000E+0	-1.00000E+0	3.28100E-2	1.73200E+0	7.30000E-9	7.71161E-3	NaN	-1.00000E+0	-1.00000E+0	-1.00000E+0
3.10629E+0	-1.00000E+0	-1.00000E+0	-1.00000E+0	-1.00000E+0	3.27748E-2	1.73200E+0	7.20000E-9	7.62088E-3	NaN	-1.00000E+0	-1.00000E+0	-1.00000E+0
3.12488E+0	-1.00000E+0	-1.00000E+0	-1.00000E+0	-1.00000E+0	3.27339E-2	1.73200E+0	7.10000E-9	7.52721E-3	NaN	-1.00000E+0	-1.00000E+0	-1.00000E+0
3.14333E+0	-1.00000E+0	-1.00000E+0	-1.00000E+0	-1.00000E+0	3.26778E-2	1.73200E+0	7.00000E-9	7.41934E-3	NaN	-1.00000E+0	-1.00000E+0	-1.00000E+0
3.16181E+0	-1.00000E+0	-1.00000E+0	-1.00000E+0	-1.00000E+0	3.26629E-2	1.73200E+0	6.90000E-9	7.32565E-3	NaN	-1.00000E+0	-1.00000E+0	-1.00000E+0
3.18073E+0	-1.00000E+0	-1.00000E+0	-1.00000E+0	-1.00000E+0	3.26415E-2	1.73200E+0	6.80000E-9	7.23564E-3	NaN	-1.00000E+0	-1.00000E+0	-1.00000E+0
3.19932E+0	-1.00000E+0	-1.00000E+0	-1.00000E+0	-1.00000E+0	3.26945E-2	1.73200E+0	6.70000E-9	7.14388E-3	NaN	-1.00000E+0	-1.00000E+0	-1.00000E+0
3.21850E+0	-1.00000E+0	-1.00000E+0	-1.00000E+0	-1.00000E+0	3.26543E-2	1.73200E+0	6.60000E-9	7.05362E-3	NaN	-1.00000E+0	-1.00000E+0	-1.00000E+0
3.23710E+0	-1.00000E+0	-1.00000E+0	-1.00000E+0	-1.00000E+0	3.26735E-2	1.73200E+0	6.50000E-9	6.96286E-3	NaN	-1.00000E+0	-1.00000E+0	-1.00000E+0
3.25559E+0	-1.00000E+0	-1.00000E+0	-1.00000E+0	-1.00000E+0	3.26467E-2	1.73200E+0	6.40000E-9	6.87098E-3	NaN	-1.00000E+0	-1.00000E+0	-1.00000E+0
3.27415E+0	-1.00000E+0	-1.00000E+0	-1.00000E+0	-1.00000E+0	3.27273E-2	1.73200E+0	6.30000E-9	6.78070E-3	NaN	-1.00000E+0	-1.00000E+0	-1.00000E+0
3.29289E+0	-1.00000E+0	-1.00000E+0	-1.00000E+0	-1.00000E+0	3.26401E-2	1.73200E+0	6.20000E-9	6.69133E-3	NaN	-1.00000E+0	-1.00000E+0	-1.00000E+0
3.31126E+0	-1.00000E+0	-1.00000E+0	-1.00000E+0	-1.00000E+0	3.27372E-2	1.73200E+0	6.10000E-9	6.60214E-3	NaN	-1.00000E+0	-1.00000E+0	-1.00000E+0
3.32984E+0	-1.00000E+0	-1.00000E+0	-1.00000E+0	-1.00000E+0	3.27444E-2	1.73200E+0	6.00000E-9	6.51138E-3	NaN	-1.00000E+0	-1.00000E+0	-1.00000E+0
3.34829E+0	-1.00000E+0	-1.00000E+0	-1.00000E+0	-1.00000E+0	3.28300E-2	1.73200E+0	5.90000E-9	6.41916E-3	NaN	-1.00000E+0	-1.00000E+0	-1.00000E+0
3.36681E+0	-1.00000E+0	-1.00000E+0	-1.00000E+0	-1.00000E+0	3.27481E-2	1.73200E+0	5.80000E-9	6.33130E-3	NaN	-1.00000E+0	-1.00000E+0	-1.00000E+0
3.38528E+0	-1.00000E+0	-1.00000E+0	-1.00000E+0	-1.00000E+0	3.27397E-2	1.73200E+0	5.70000E-9	6.24195E-3	NaN	-1.00000E+0	-1.00000E+0	-1.00000E+0
3.40444E+0	-1.00000E+0	-1.00000E+0	-1.00000E+0	-1.00000E+0	3.27360E-2	1.73200E+0	5.60000E-9	6.15311E-3	NaN	-1.00000E+0	-1.00000E+0	-1.00000E+0
3.42273E+0	-1.00000E+0	-1.00000E+0	-1.00000E+0	-1.00000E+0	3.27776E-2	1.73200E+0	5.50000E-9	6.06228E-3	NaN	-1.00000E+0	-1.00000E+0	-1.00000E+0
3.44130E+0	-1.00000E+0	-1.00000E+0	-1.00000E+0	-1.00000E+0	3.27823E-2	1.73200E+0	5.40000E-9	5.97646E-3	NaN	-1.00000E+0	-1.00000E+0	-1.00000E+0
3.46045E+0	-1.00000E+0	-1.00000E+0	-1.00000E+0	-1.00000E+0	3.27772E-2	1.73200E+0	5.30000E-9	5.88679E-3	NaN	-1.00000E+0	-1.00000E+0	-1.00000E+0
3.47880E+0	-1.00000E+0	-1.00000E+0	-1.00000E+0	-1.00000E+0	3.27592E-2	1.73200E+0	5.20000E-9	5.79801E-3	NaN	-1.00000E+0	-1.00000E+0	-1.00000E+0
3.49715E+0	-1.00000E+0	-1.00000E+0	-1.00000E+0	-1.00000E+0	3.27575E-2	1.73200E+0	5.10000E-9	5.71071E-3	NaN	-1.00000E+0	-1.00000E+0	-1.00000E+0
3.51645E+0	-1.00000E+0	-1.00000E+0	-1.00000E+0	-1.00000E+0	3.27504E-2	1.73200E+0	5.00000E-9	5.62374E-3	NaN	-1.00000E+0	-1.00000E+0	-1.00000E+0
3.53495E+0	-1.00000E+0	-1.00000E+0	-1.00000E+0	-1.00000E+0	3.28077E-2	1.73200E+0	4.90000E-9	5.53653E-3	NaN	-1.00000E+0	-1.00000E+0	-1.00000E+0
3.55345E+0	-1.00000E+0	-1.00000E+0	-1.00000E+0	-1.00000E+0	3.26297E-2	1.73200E+0	4.80000E-9	5.45053E-3	NaN	-1.00000E+0	-1.00000E+0	-1.00000E+0
3.57177E+0	-1.00000E+0	-1.00000E+0	-1.00000E+0	-1.00000E+0	3.26527E-2	1.73200E+0	4.70000E-9	5.36476E-3	NaN	-1.00000E+0	-1.00000E+0	-1.00000E+0
3.59021E+0	-1.00000E+0	-1.00000E+0	-1.00000E+0	-1.00000E+0	3.28858E-2	1.73200E+0	4.60000E-9	5.27856E-3	NaN	-1.00000E+0	-1.00000E+0	-1.00000E+0
3.60866E+0	-1.00000E+0	-1.00000E+0	-1.00000E+0	-1.00000E+0	3.26456E-2	1.73200E+0	4.50000E-9	5.19453E-3	NaN	-1.00000E+0	-1.00000E+0	-1.00000E+0
3.62714E+0	-1.00000E+0	-1.00000E+0	-1.00000E+0	-1.00000E+0	3.27797E-2	1.73200E+0	4.40000E-9	5.11195E-3	NaN	-1.00000E+0	-1.00000E+0	-1.00000E+0
3.64573E+0	-1.00000E+0	-1.00000E+0	-1.00000E+0	-1.00000E+0	3.27351E-2	1.73200E+0	4.30000E-9	5.02854E-3	NaN	-1.00000E+0	-1.00000E+0	-1.00000E+0
3.66431E+0	-1.00000E+0	-1.00000E+0	-1.00000E+0	-1.00000E+0	3.28036E-2	1.73200E+0	4.20000E-9	4.94773E-3	NaN	-1.00000E+0	-1.00000E+0	-1.00000E+0
3.68291E+0	-1.00000E+0	-1.00000E+0	-1.00000E+0	-1.00000E+0	3.27199E-2	1.73200E+0	4.10000E-9	4.86861E-3	NaN	-1.00000E+0	-1.00000E+0	-1.00000E+0
3.70138E+0	-1.00000E+0	-1.00000E+0	-1.00000E+0	-1.00000E+0	3.27891E-2	1.73200E+0	4.00000E-9	4.79786E-3	NaN	-1.00000E+0	-1.00000E+0	-1.00000E+0
3.72130E+0	-1.00000E+0	-1.00000E+0	-1.00000E+0	-1.00000E+0	3.27742E-2	1.73200E+0	3.90000E-9	4.71802E-3	NaN	-1.00000E+0	-1.00000E+0	-1.00000E+0
3.73991E+0	-1.00000E+0	-1.00000E+0	-1.00000E+0	-1.00000E+0	3.27819E-2	1.73200E+0	3.80000E-9	4.65654E-3	NaN	-1.00000E+0	-1.00000E+0	-1.00000E+0
3.75960E+0	-1.00000E+0	-1.00000E+0	-1.00000E+0	-1.00000E+0	3.26291E-2	1.73200E+0	3.70000E-9	4.59826E-3	NaN	-1.00000E+0	-1.00000E+0	-1.00000E+0
3.77807E+0	-1.00000E+0	-1.00000E+0	-1.00000E+0	-1.00000E+0	3.28313E-2	1.73200E+0	3.60000E-9	4.54443E-3	NaN	-1.00000E+0	-1.00000E+0	-1.00000E+0
3.79653E+0	-1.00000E+0	-1.00000E+0	-1.00000E+0	-1.00000E+0	3.27607E-2	1.73200E+0	3.50000E-9	4.50066E-3	NaN	-1.00000E+0	-1.00000E+0	-1.00000E+0
3.81512E+0	-1.00000E+0	-1.00000E+0	-1.00000E+0	-1.00000E+0	3.28488E-2	1.73200E+0	3.40000E-9	4.46803E-3	NaN	-1.00000E+0	-1.00000E+0	-1.00000E+0
3.83360E+0	-1.00000E+0	-1.00000E+0	-1.00000E+0	-1.00000E+0	3.28372E-2	1.73200E+0	3.30000E-9	4.44606E-3	NaN	-1.00000E+0	-1.00000E+0	-1.00000E+0
3.85202E+0	-1.00000E+0	-1.00000E+0	-1.00000E+0	-1.00000E+0	3.29262E-2	1.73200E+0	3.20000E-9	4.43216E-3	NaN	-1.00000E+0	-1.00000E+0	-1.00000E+0
3.87029E+0	-1.00000E+0	-1.00000E+0	-1.00000E+0	-1.00000E+0	3.30130E-2	1.73200E+0	3.10000E-9	4.42338E-3	NaN	-1.00000E+0	-1.00000E+0	-1.00000E+0
3.88877E+0	-1.00000E+0	-1.00000E+0	-1.00000E+0	-1.00000E+0	3.28242E-2	1.73200E+0	3.00000E-9	4.41841E-3	NaN	-1.00000E+0	-1.00000E+0	-1.00000E+0
3.90724E+0	-1.00000E+0	-1.00000E+0	-1.00000E+0	-1.00000E+0	3.27989E-2	1.73200E+0	2.90000E-9	4.41393E-3	NaN	-1.00000E+0	-1.00000E+0	-1.00000E+0
3.92639E+0	-1.00000E+0	-1.00000E+0	-1.00000E+0	-1.00000E+0	3.28970E-2	1.73200E+0	2.80000E-9	4.41011E-3	NaN	-1.00000E+0	-1.00000E+0	-1.00000E+0
3.94494E+0	-1.00000E+0	-1.00000E+0	-1.00000E+0	-1.00000E+0	3.26898E-2	1.73200E+0	2.70000E-9	4.40696E-3	NaN	-1.00000E+0	-1.00000E+0	-1.00000E+0
3.96433E+0	-1.00000E+0	-1.00000E+0	-1.00000E+0	-1.00000E+0	3.28141E-2	1.73200E+0	2.60000E-9	4.40414E-3	NaN	-1.00000E+0	-1.00000E+0	-1.00000E+0
3.98289E+0	-1.00000E+0	-1.00000E+0	-1.00000E+0	-1.00000E+0	3.28181E-2	1.73200E+0	2.50000E-9	4.40234E-3	NaN	-1.00000E+0	-1.00000E+0	-1.00000E+0
4.00155E+0	-1.00000E+0	-1.00000E+0	-1.00000E+0	-1.00000E+0	3.28485E-2	1.73200E+0	2.40000E-9	4.39992E-3	NaN	-1.00000E+0	-1.00000E+0	-1.00000E+0
4.02003E+0	-1.00000E+0	-1.00000E+0	-1.00000E+0	-1.00000E+0	3.28659E-2	1.73200E+0	2.30000E-9	4.39821E-3	NaN	-1.00000E+0	-1.00000E+0	-1.00000E+0
4.03856E+0	-1.00000E+0	-1.00000E+0	-1.00000E+0	-1.00000E+0	3.28216E-2	1.73200E+0	2.20000E-9	4.39684E-3	NaN	-1.00000E+0	-1.00000E+0	-1.00000E+0
4.05705E+0	-1.00000E+0	-1.00000E+0	-1.00000E+0	-1.00000E+0	3.28743E-2	1.73200E+0	2.10000E-9	4.39557E-3	NaN	-1.00000E+0	-1.00000E+0	-1.00000E+0
4.07635E+0	-1.00000E+0	-1.00000E+0	-1.00000E+0	-1.00000E+0	3.26976E-2	1.73200E+0	2.00000E-9	4.39463E-3	NaN	-1.00000E+0	-1.00000E+0	-1.00000E+0
4.09490E+0	-1.00000E+0	-1.00000E+0	-1.00000E+0	-1.00000E+0	3.27366E-2	1.73200E+0	1.90000E-9	4.39350E-3	NaN	-1.00000E+0	-1.00000E+0	-1.00000E+0
4.11347E+0	-1.00000E+0	-1.00000E+0	-1.00000E+0	-1.00000E+0	3.28038E-2	1.73200E+0	1.80000E-9	4.39226E-3	NaN	-1.00000E+0	-1.00000E+0	-1.00000E+0
4.13212E+0	-1.00000E+0	-1.00000E+0	-1.00000E+0	-1.00000E+0	3.28178E-2	1.73200E+0	1.70000E-9	4.39082E-3	NaN	-1.00000E+0	-1.00000E+0	-1.00000E+0
4.15075E+0	-1.00000E+0	-1.00000E+0	-1.00000E+0	-1.00000E+0	3.28033E-2	1.73200E+0	1.60000E-9	4.38987E-3	NaN	-1.00000E+0	-1.00000E+0	-1.00000E+0
4.16931E+0	-1.00000E+0	-1.00000E+0	-1.00000E+0	-1.00000E+0	3.28353E-2	1.73200E+0	1.50000E-9	4.38833E-3	NaN	-1.00000E+0	-1.00000E+0	-1.00000E+0
4.18777E+0	-1.00000E+0	-1.00000E+0	-1.00000E+0	-1.00000E+0	3.28680E-2	1.73200E+0	1.40000E-9	4.38686E-3	NaN	-1.00000E+0	-1.00000E+0	-1.00000E+0
4.20631E+0	-1.00000E+0	-1.00000E+0	-1.00000E+0	-1.00000E+0	3.29882E-2	1.73200E+0	1.30000E-9	4.38522E-3	NaN	-1.00000E+0	-1.00000E+0	-1.00000E+0
4.22491E+0	-1.00000E+0	-1.00000E+0	-1.00000E+0	-1.00000E+0	3.27502E-2	1.73200E+0	1.20000E-9	4.38380E-3	NaN	-1.00000E+0	-1.00000E+0	-1.00000E+0
4.24336E+0	-1.00000E+0	-1.00000E+0	-1.00000E+0	-1.00000E+0	3.29202E-2	1.73200E+0	1.10000E-9	4.38220E-3	NaN	-1.00000E+0	-1.00000E+0	-1.00000E+0
4.26179E+0	-1.00000E+0	-1.00000E+0	-1.00000E+0	-1.00000E+0	3.27289E-2	1.73200E+0	1.00000E-9	4.38068E-3	NaN	-1.00000E+0	-1.00000E+0	-1.00000E+0
4.28021E+0	-1.00000E+0	-1.00000E+0	-1.00000E+0	-1.00000E+0	3.28270E-2	1.73200E+0	9.00000E-10	4.37933E-3	NaN	-1.00000E+0	-1.00000E+0	-1.00000E+0
4.29878E+0	-1.00000E+0	-1.00000E+0	-1.00000E+0	-1.00000E+0	3.27711E-2	1.73200E+0	8.00000E-10	4.37714E-3	NaN	-1.00000E+0	-1.00000E+0	-1.00000E+0
4.31723E+0	-1.00000E+0	-1.00000E+0	-1.00000E+0	-1.00000E+0	3.27760E-2	1.73200E+0	7.00000E-10	4.37536E-3	NaN	-1.00000E+0	-1.00000E+0	-1.00000E+0
4.33541E+0	-1.00000E+0	-1.00000E+0	-1.00000E+0	-1.00000E+0	3.28992E-2	1.73200E+0	6.00000E-10	4.37257E-3	NaN	-1.00000E+0	-1.00000E+0	-1.00000E+0
4.35413E+0	-1.00000E+0	-1.00000E+0	-1.00000E+0	-1.00000E+0	3.27898E-2	1.73200E+0	5.00000E-10	4.36878E-3	NaN	-1.00000E+0	-1.00000E+0	-1.00000E+0
4.37263E+0	-1.00000E+0	-1.00000E+0	-1.00000E+0	-1.00000E+0	3.27704E-2	1.73200E+0	4.00000E-10	4.36006E-3	NaN	-1.00000E+0	-1.00000E+0	-1.00000E+0
4.39128E+0	-1.00000E+0	-1.00000E+0	-1.00000E+0	-1.00000E+0	3.28859E-2	1.73200E+0	3.00000E-10	4.33690E-3	NaN	-1.00000E+0	-1.00000E+0	-1.00000E+0
4.41042E+0	-1.00000E+0	-1.00000E+0	-1.00000E+0	-1.00000E+0	3.28877E-2	1.73200E+0	2.00000E-10	3.32749E-3	NaN	-1.00000E+0	-1.00000E+0	-1.00000E+0
4.42899E+0	-1.00000E+0	-1.00000E+0	-1.00000E+0	-1.00000E+0	3.29095E-2	1.73200E+0	1.00000E-10	-1.11796E-3	NaN	-1.00000E+0	-1.00000E+0	-1.00000E+0
4.44862E+0	-1.00000E+0	-1.00000E+0	-1.00000E+0	-1.00000E+0	3.27838E-2	1.73200E+0	-1.04690E-24	-4.16858E-3	NaN	-1.00000E+0	-1.00000E+0	-1.00000E+0
4.46692E+0	-1.00000E+0	-1.00000E+0	-1.00000E+0	-1.00000E+0	3.28572E-2	1.73200E+0	-1.00000E-10	-4.28555E-3	NaN	-1.00000E+0	-1.00000E+0	-1.00000E+0
4.48491E+0	-1.00000E+0	-1.00000E+0	-1.00000E+0	-1.00000E+0	3.28785E-2	1.73200E+0	-2.00000E-10	-4.29928E-3	NaN	-1.00000E+0	-1.00000E+0	-1.00000E+0
4.50337E+0	-1.00000E+0	-1.00000E+0	-1.00000E+0	-1.00000E+0	3.28447E-2	1.73200E+0	-3.00000E-10	-4.30493E-3	NaN	-1.00000E+0	-1.00000E+0	-1.00000E+0
4.52194E+0	-1.00000E+0	-1.00000E+0	-1.00000E+0	-1.00000E+0	3.29966E-2	1.73200E+0	-4.00000E-10	-4.30821E-3	NaN	-1.00000E+0	-1.00000E+0	-1.00000E+0
4.54049E+0	-1.00000E+0	-1.00000E+0	-1.00000E+0	-1.00000E+0	3.27511E-2	1.73200E+0	-5.00000E-10	-4.31140E-3	NaN	-1.00000E+0	-1.00000E+0	-1.00000E+0
4.55881E+0	-1.00000E+0	-1.00000E+0	-1.00000E+0	-1.00000E+0	3.28313E-2	1.73200E+0	-6.00000E-10	-4.31330E-3	NaN	-1.00000E+0	-1.00000E+0	-1.00000E+0
4.57715E+0	-1.00000E+0	-1.00000E+0	-1.00000E+0	-1.00000E+0	3.27983E-2	1.73200E+0	-7.00000E-10	-4.31525E-3	NaN	-1.00000E+0	-1.00000E+0	-1.00000E+0
4.59571E+0	-1.00000E+0	-1.00000E+0	-1.00000E+0	-1.00000E+0	3.29720E-2	1.73200E+0	-8.00000E-10	-4.31667E-3	NaN	-1.00000E+0	-1.00000E+0	-1.00000E+0
4.61471E+0	-1.00000E+0	-1.00000E+0	-1.00000E+0	-1.00000E+0	3.29144E-2	1.73200E+0	-9.00000E-10	-4.31832E-3	NaN	-1.00000E+0	-1.00000E+0	-1.00000E+0
4.63315E+0	-1.00000E+0	-1.00000E+0	-1.00000E+0	-1.00000E+0	3.28316E-2	1.73200E+0	-1.00000E-9	-4.31930E-3	NaN	-1.00000E+0	-1.00000E+0	-1.00000E+0
4.65160E+0	-1.00000E+0	-1.00000E+0	-1.00000E+0	-1.00000E+0	3.29689E-2	1.73200E+0	-1.10000E-9	-4.32040E-3	NaN	-1.00000E+0	-1.00000E+0	-1.00000E+0
4.67015E+0	-1.00000E+0	-1.00000E+0	-1.00000E+0	-1.00000E+0	3.29735E-2	1.73200E+0	-1.20000E-9	-4.32165E-3	NaN	-1.00000E+0	-1.00000E+0	-1.00000E+0
4.68858E+0	-1.00000E+0	-1.00000E+0	-1.00000E+0	-1.00000E+0	3.29290E-2	1.73200E+0	-1.30000E-9	-4.32281E-3	NaN	-1.00000E+0	-1.00000E+0	-1.00000E+0
4.70697E+0	-1.00000E+0	-1.00000E+0	-1.00000E+0	-1.00000E+0	3.28817E-2	1.73200E+0	-1.40000E-9	-4.32361E-3	NaN	-1.00000E+0	-1.00000E+0	-1.00000E+0
4.72544E+0	-1.00000E+0	-1.00000E+0	-1.00000E+0	-1.00000E+0	3.30268E-2	1.73200E+0	-1.50000E-9	-4.32478E-3	NaN	-1.00000E+0	-1.00000E+0	-1.00000E+0
4.74544E+0	-1.00000E+0	-1.00000E+0	-1.00000E+0	-1.00000E+0	3.29746E-2	1.73200E+0	-1.60000E-9	-4.32594E-3	NaN	-1.00000E+0	-1.00000E+0	-1.00000E+0
4.76401E+0	-1.00000E+0	-1.00000E+0	-1.00000E+0	-1.00000E+0	3.28228E-2	1.73200E+0	-1.70000E-9	-4.32664E-3	NaN	-1.00000E+0	-1.00000E+0	-1.00000E+0
4.78344E+0	-1.00000E+0	-1.00000E+0	-1.00000E+0	-1.00000E+0	3.31144E-2	1.73200E+0	-1.80000E-9	-4.32822E-3	NaN	-1.00000E+0	-1.00000E+0	-1.00000E+0
4.80187E+0	-1.00000E+0	-1.00000E+0	-1.00000E+0	-1.00000E+0	3.29556E-2	1.73200E+0	-1.90000E-9	-4.32966E-3	NaN	-1.00000E+0	-1.00000E+0	-1.00000E+0
4.82043E+0	-1.00000E+0	-1.00000E+0	-1.00000E+0	-1.00000E+0	3.28414E-2	1.73200E+0	-2.00000E-9	-4.33217E-3	NaN	-1.00000E+0	-1.00000E+0	-1.00000E+0
4.84041E+0	-1.00000E+0	-1.00000E+0	-1.00000E+0	-1.00000E+0	3.30732E-2	1.73200E+0	-2.10000E-9	-4.33443E-3	NaN	-1.00000E+0	-1.00000E+0	-1.00000E+0
4.85889E+0	-1.00000E+0	-1.00000E+0	-1.00000E+0	-1.00000E+0	3.28816E-2	1.73200E+0	-2.20000E-9	-4.33654E-3	NaN	-1.00000E+0	-1.00000E+0	-1.00000E+0
4.87748E+0	-1.00000E+0	-1.00000E+0	-1.00000E+0	-1.00000E+0	3.29919E-2	1.73200E+0	-2.30000E-9	-4.33892E-3	NaN	-1.00000E+0	-1.00000E+0	-1.00000E+0
4.89608E+0	-1.00000E+0	-1.00000E+0	-1.00000E+0	-1.00000E+0	3.29318E-2	1.73200E+0	-2.40000E-9	-4.34128E-3	NaN	-1.00000E+0	-1.00000E+0	-1.00000E+0
4.91455E+0	-1.00000E+0	-1.00000E+0	-1.00000E+0	-1.00000E+0	3.30118E-2	1.73200E+0	-2.50000E-9	-4.34398E-3	NaN	-1.00000E+0	-1.00000E+0	-1.00000E+0
4.93293E+0	-1.00000E+0	-1.00000E+0	-1.00000E+0	-1.00000E+0	3.28989E-2	1.73200E+0	-2.60000E-9	-4.34657E-3	NaN	-1.00000E+0	-1.00000E+0	-1.00000E+0
4.95140E+0	-1.00000E+0	-1.00000E+0	-1.00000E+0	-1.00000E+0	3.30256E-2	1.73200E+0	-2.70000E-9	-4.35072E-3	NaN	-1.00000E+0	-1.00000E+0	-1.00000E+0
4.96982E+0	-1.00000E+0	-1.00000E+0	-1.00000E+0	-1.00000E+0	3.30647E-2	1.73200E+0	-2.80000E-9	-4.35498E-3	NaN	-1.00000E+0	-1.00000E+0	-1.00000E+0
4.98827E+0	-1.00000E+0	-1.00000E+0	-1.00000E+0	-1.00000E+0	3.29576E-2	1.73200E+0	-2.90000E-9	-4.36129E-3	NaN	-1.00000E+0	-1.00000E+0	-1.00000E+0
5.00682E+0	-1.00000E+0	-1.00000E+0	-1.00000E+0	-1.00000E+0	3.28277E-2	1.73200E+0	-3.00000E-9	-4.37097E-3	NaN	-1.00000E+0	-1.00000E+0	-1.00000E+0
5.02592E+0	-1.00000E+0	-1.00000E+0	-1.00000E+0	-1.00000E+0	3.28430E-2	1.73200E+0	-3.10000E-9	-4.38757E-3	NaN	-1.00000E+0	-1.00000E+0	-1.00000E+0
5.04439E+0	-1.00000E+0	-1.00000E+0	-1.00000E+0	-1.00000E+0	3.30204E-2	1.73200E+0	-3.20000E-9	-4.41318E-3	NaN	-1.00000E+0	-1.00000E+0	-1.00000E+0
5.06291E+0	-1.00000E+0	-1.00000E+0	-1.00000E+0	-1.00000E+0	3.28851E-2	1.73200E+0	-3.30000E-9	-4.45075E-3	NaN	-1.00000E+0	-1.00000E+0	-1.00000E+0
5.08102E+0	-1.00000E+0	-1.00000E+0	-1.00000E+0	-1.00000E+0	3.31256E-2	1.73200E+0	-3.40000E-9	-4.49802E-3	NaN	-1.00000E+0	-1.00000E+0	-1.00000E+0
5.10016E+0	-1.00000E+0	-1.00000E+0	-1.00000E+0	-1.00000E+0	3.31208E-2	1.73200E+0	-3.50000E-9	-4.55264E-3	NaN	-1.00000E+0	-1.00000E+0	-1.00000E+0
5.12013E+0	-1.00000E+0	-1.00000E+0	-1.00000E+0	-1.00000E+0	3.30674E-2	1.73200E+0	-3.60000E-9	-4.61288E-3	NaN	-1.00000E+0	-1.00000E+0	-1.00000E+0
5.13859E+0	-1.00000E+0	-1.00000E+0	-1.00000E+0	-1.00000E+0	3.30713E-2	1.73200E+0	-3.70000E-9	-4.67515E-3	NaN	-1.00000E+0	-1.00000E+0	-1.00000E+0
5.15716E+0	-1.00000E+0	-1.00000E+0	-1.00000E+0	-1.00000E+0	3.29747E-2	1.73200E+0	-3.80000E-9	-4.74311E-3	NaN	-1.00000E+0	-1.00000E+0	-1.00000E+0
5.17573E+0	-1.00000E+0	-1.00000E+0	-1.00000E+0	-1.00000E+0	3.31350E-2	1.73200E+0	-3.90000E-9	-4.81523E-3	NaN	-1.00000E+0	-1.00000E+0	-1.00000E+0
5.19431E+0	-1.00000E+0	-1.00000E+0	-1.00000E+0	-1.00000E+0	3.29805E-2	1.73200E+0	-4.00000E-9	-4.91041E-3	NaN	-1.00000E+0	-1.00000E+0	-1.00000E+0
5.21286E+0	-1.00000E+0	-1.00000E+0	-1.00000E+0	-1.00000E+0	3.31072E-2	1.73200E+0	-4.10000E-9	-4.99137E-3	NaN	-1.00000E+0	-1.00000E+0	-1.00000E+0
5.23132E+0	-1.00000E+0	-1.00000E+0	-1.00000E+0	-1.00000E+0	3.31654E-2	1.73200E+0	-4.20000E-9	-5.07425E-3	NaN	-1.00000E+0	-1.00000E+0	-1.00000E+0
5.25040E+0	-1.00000E+0	-1.00000E+0	-1.00000E+0	-1.00000E+0	3.29678E-2	1.73200E+0	-4.30000E-9	-5.15898E-3	NaN	-1.00000E+0	-1.00000E+0	-1.00000E+0
5.26955E+0	-1.00000E+0	-1.00000E+0	-1.00000E+0	-1.00000E+0	3.31808E-2	1.73200E+0	-4.40000E-9	-5.24297E-3	NaN	-1.00000E+0	-1.00000E+0	-1.00000E+0
5.28817E+0	-1.00000E+0	-1.00000E+0	-1.00000E+0	-1.00000E+0	3.30318E-2	1.73200E+0	-4.50000E-9	-5.32829E-3	NaN	-1.00000E+0	-1.00000E+0	-1.00000E+0
5.30722E+0	-1.00000E+0	-1.00000E+0	-1.00000E+0	-1.00000E+0	3.30847E-2	1.73200E+0	-4.60000E-9	-5.41326E-3	NaN	-1.00000E+0	-1.00000E+0	-1.00000E+0
5.32579E+0	-1.00000E+0	-1.00000E+0	-1.00000E+0	-1.00000E+0	3.31553E-2	1.73200E+0	-4.70000E-9	-5.50207E-3	NaN	-1.00000E+0	-1.00000E+0	-1.00000E+0
5.34436E+0	-1.00000E+0	-1.00000E+0	-1.00000E+0	-1.00000E+0	3.31548E-2	1.73200E+0	-4.80000E-9	-5.58817E-3	NaN	-1.00000E+0	-1.00000E+0	-1.00000E+0
5.36292E+0	-1.00000E+0	-1.00000E+0	-1.00000E+0	-1.00000E+0	3.29504E-2	1.73200E+0	-4.90000E-9	-5.67677E-3	NaN	-1.00000E+0	-1.00000E+0	-1.00000E+0
5.38151E+0	-1.00000E+0	-1.00000E+0	-1.00000E+0	-1.00000E+0	3.31606E-2	1.73200E+0	-5.00000E-9	-5.76492E-3	NaN	-1.00000E+0	-1.00000E+0	-1.00000E+0
5.40019E+0	-1.00000E+0	-1.00000E+0	-1.00000E+0	-1.00000E+0	3.30513E-2	1.73200E+0	-5.10000E-9	-5.85108E-3	NaN	-1.00000E+0	-1.00000E+0	-1.00000E+0
5.41933E+0	-1.00000E+0	-1.00000E+0	-1.00000E+0	-1.00000E+0	3.30152E-2	1.73200E+0	-5.20000E-9	-5.94260E-3	NaN	-1.00000E+0	-1.00000E+0	-1.00000E+0
5.43929E+0	-1.00000E+0	-1.00000E+0	-1.00000E+0	-1.00000E+0	3.31906E-2	1.73200E+0	-5.30000E-9	-6.03150E-3	NaN	-1.00000E+0	-1.00000E+0	-1.00000E+0
5.45775E+0	-1.00000E+0	-1.00000E+0	-1.00000E+0	-1.00000E+0	3.30868E-2	1.73200E+0	-5.40000E-9	-6.12171E-3	NaN	-1.00000E+0	-1.00000E+0	-1.00000E+0
5.47610E+0	-1.00000E+0	-1.00000E+0	-1.00000E+0	-1.00000E+0	3.30701E-2	1.73200E+0	-5.50000E-9	-6.20770E-3	NaN	-1.00000E+0	-1.00000E+0	-1.00000E+0
5.49445E+0	-1.00000E+0	-1.00000E+0	-1.00000E+0	-1.00000E+0	3.31327E-2	1.73200E+0	-5.60000E-9	-6.29834E-3	NaN	-1.00000E+0	-1.00000E+0	-1.00000E+0
5.51347E+0	-1.00000E+0	-1.00000E+0	-1.00000E+0	-1.00000E+0	3.31787E-2	1.73200E+0	-5.70000E-9	-6.38922E-3	NaN	-1.00000E+0	-1.00000E+0	-1.00000E+0
5.53180E+0	-1.00000E+0	-1.00000E+0	-1.00000E+0	-1.00000E+0	3.31320E-2	1.73200E+0	-5.80000E-9	-6.47752E-3	NaN	-1.00000E+0	-1.00000E+0	-1.00000E+0
5.55038E+0	-1.00000E+0	-1.00000E+0	-1.00000E+0	-1.00000E+0	3.31921E-2	1.73200E+0	-5.90000E-9	-6.56652E-3	NaN	-1.00000E+0	-1.00000E+0	-1.00000E+0
5.56892E+0	-1.00000E+0	-1.00000E+0	-1.00000E+0	-1.00000E+0	3.32185E-2	1.73200E+0	-6.00000E-9	-6.65496E-3	NaN	-1.00000E+0	-1.00000E+0	-1.00000E+0
5.58739E+0	-1.00000E+0	-1.00000E+0	-1.00000E+0	-1.00000E+0	3.30051E-2	1.73200E+0	-6.10000E-9	-6.74720E-3	NaN	-1.00000E+0	-1.00000E+0	-1.00000E+0
5.60584E+0	-1.00000E+0	-1.00000E+0	-1.00000E+0	-1.00000E+0	3.33087E-2	1.73200E+0	-6.20000E-9	-6.83671E-3	NaN	-1.00000E+0	-1.00000E+0	-1.00000E+0
5.62427E+0	-1.00000E+0	-1.00000E+0	-1.00000E+0	-1.00000E+0	3.31558E-2	1.73200E+0	-6.30000E-9	-6.92728E-3	NaN	-1.00000E+0	-1.00000E+0	-1.00000E+0
5.64261E+0	-1.00000E+0	-1.00000E+0	-1.00000E+0	-1.00000E+0	3.33018E-2	1.73200E+0	-6.40000E-9	-7.01856E-3	NaN	-1.00000E+0	-1.00000E+0	-1.00000E+0
5.66101E+0	-1.00000E+0	-1.00000E+0	-1.00000E+0	-1.00000E+0	3.33690E-2	1.73200E+0	-6.50000E-9	-7.10911E-3	NaN	-1.00000E+0	-1.00000E+0	-1.00000E+0
5.67951E+0	-1.00000E+0	-1.00000E+0	-1.00000E+0	-1.00000E+0	3.32770E-2	1.73200E+0	-6.60000E-9	-7.20200E-3	NaN	-1.00000E+0	-1.00000E+0	-1.00000E+0
5.69793E+0	-1.00000E+0	-1.00000E+0	-1.00000E+0	-1.00000E+0	3.32706E-2	1.73200E+0	-6.70000E-9	-7.29109E-3	NaN	-1.00000E+0	-1.00000E+0	-1.00000E+0
5.71606E+0	-1.00000E+0	-1.00000E+0	-1.00000E+0	-1.00000E+0	3.33445E-2	1.73200E+0	-6.80000E-9	-7.38257E-3	NaN	-1.00000E+0	-1.00000E+0	-1.00000E+0
5.73468E+0	-1.00000E+0	-1.00000E+0	-1.00000E+0	-1.00000E+0	3.30795E-2	1.73200E+0	-6.90000E-9	-7.47373E-3	NaN	-1.00000E+0	-1.00000E+0	-1.00000E+0
5.75325E+0	-1.00000E+0	-1.00000E+0	-1.00000E+0	-1.00000E+0	3.31398E-2	1.73200E+0	-7.00000E-9	-7.56639E-3	NaN	-1.00000E+0	-1.00000E+0	-1.00000E+0
5.77180E+0	-1.00000E+0	-1.00000E+0	-1.00000E+0	-1.00000E+0	3.32621E-2	1.73200E+0	-7.10000E-9	-7.67941E-3	NaN	-1.00000E+0	-1.00000E+0	-1.00000E+0
5.79025E+0	-1.00000E+0	-1.00000E+0	-1.00000E+0	-1.00000E+0	3.32878E-2	1.73200E+0	-7.20000E-9	-7.76914E-3	NaN	-1.00000E+0	-1.00000E+0	-1.00000E+0
5.80887E+0	-1.00000E+0	-1.00000E+0	-1.00000E+0	-1.00000E+0	3.31712E-2	1.73200E+0	-7.30000E-9	-7.86168E-3	NaN	-1.00000E+0	-1.00000E+0	-1.00000E+0
5.82775E+0	-1.00000E+0	-1.00000E+0	-1.00000E+0	-1.00000E+0	3.34927E-2	1.73200E+0	-7.40000E-9	-7.95251E-3	NaN	-1.00000E+0	-1.00000E+0	-1.00000E+0
5.84622E+0	-1.00000E+0	-1.00000E+0	-1.00000E+0	-1.00000E+0	3.32428E-2	1.73200E+0	-7.50000E-9	-8.04824E-3	NaN	-1.00000E+0	-1.00000E+0	-1.00000E+0
5.86472E+0	-1.00000E+0	-1.00000E+0	-1.00000E+0	-1.00000E+0	3.33560E-2	1.73200E+0	-7.60000E-9	-8.13675E-3	NaN	-1.00000E+0	-1.00000E+0	-1.00000E+0
5.88315E+0	-1.00000E+0	-1.00000E+0	-1.00000E+0	-1.00000E+0	3.34137E-2	1.73200E+0	-7.70000E-9	-8.22916E-3	NaN	-1.00000E+0	-1.00000E+0	-1.00000E+0
5.90162E+0	-1.00000E+0	-1.00000E+0	-1.00000E+0	-1.00000E+0	3.32671E-2	1.73200E+0	-7.80000E-9	-8.32395E-3	NaN	-1.00000E+0	-1.00000E+0	-1.00000E+0
5.92012E+0	-1.00000E+0	-1.00000E+0	-1.00000E+0	-1.00000E+0	3.32869E-2	1.73200E+0	-7.90000E-9	-8.41515E-3	NaN	-1.00000E+0	-1.00000E+0	-1.00000E+0
5.93931E+0	-1.00000E+0	-1.00000E+0	-1.00000E+0	-1.00000E+0	3.33804E-2	1.73200E+0	-8.00000E-9	-8.50970E-3	NaN	-1.00000E+0	-1.00000E+0	-1.00000E+0
5.95742E+0	-1.00000E+0	-1.00000E+0	-1.00000E+0	-1.00000E+0	3.32109E-2	1.73200E+0	-8.10000E-9	-8.60194E-3	NaN	-1.00000E+0	-1.00000E+0	-1.00000E+0
5.97608E+0	-1.00000E+0	-1.00000E+0	-1.00000E+0	-1.00000E+0	3.31951E-2	1.73200E+0	-8.20000E-9	-8.69448E-3	NaN	-1.00000E+0	-1.00000E+0	-1.00000E+0
5.99464E+0	-1.00000E+0	-1.00000E+0	-1.00000E+0	-1.00000E+0	3.33654E-2	1.73200E+0	-8.30000E-9	-8.78718E-3	NaN	-1.00000E+0	-1.00000E+0	-1.00000E+0
6.01319E+0	-1.00000E+0	-1.00000E+0	-1.00000E+0	-1.00000E+0	3.31712E-2	1.73200E+0	-8.40000E-9	-8.88020E-3	NaN	-1.00000E+0	-1.00000E+0	-1.00000E+0
6.03156E+0	-1.00000E+0	-1.00000E+0	-1.00000E+0	-1.00000E+0	3.33186E-2	1.73200E+0	-8.50000E-9	-8.97437E-3	NaN	-1.00000E+0	-1.00000E+0	-1.00000E+0
6.05018E+0	-1.00000E+0	-1.00000E+0	-1.00000E+0	-1.00000E+0	3.32825E-2	1.73200E+0	-8.60000E-9	-9.06597E-3	NaN	-1.00000E+0	-1.00000E+0	-1.00000E+0
6.06896E+0	-1.00000E+0	-1.00000E+0	-1.00000E+0	-1.00000E+0	3.34089E-2	1.73200E+0	-8.70000E-9	-9.16018E-3	NaN	-1.00000E+0	-1.00000E+0	-1.00000E+0
6.08761E+0	-1.00000E+0	-1.00000E+0	-1.00000E+0	-1.00000E+0	3.34430E-2	1.73200E+0	-8.80000E-9	-9.25140E-3	NaN	-1.00000E+0	-1.00000E+0	-1.00000E+0
6.10685E+0	-1.00000E+0	-1.00000E+0	-1.00000E+0	-1.00000E+0	3.33333E-2	1.73200E+0	-8.90000E-9	-9.34695E-3	NaN	-1.00000E+0	-1.00000E+0	-1.00000E+0
6.12527E+0	-1.00000E+0	-1.00000E+0	-1.00000E+0	-1.00000E+0	3.34755E-2	1.73200E+0	-9.00000E-9	-9.44032E-3	NaN	-1.00000E+0	-1.00000E+0	-1.00000E+0
6.14380E+0	-1.00000E+0	-1.00000E+0	-1.00000E+0	-1.00000E+0	3.34654E-2	1.73200E+0	-9.10000E-9	-9.53356E-3	NaN	-1.00000E+0	-1.00000E+0	-1.00000E+0
6.16235E+0	-1.00000E+0	-1.00000E+0	-1.00000E+0	-1.00000E+0	3.33022E-2	1.73200E+0	-9.20000E-9	-9.62620E-3	NaN	-1.00000E+0	-1.00000E+0	-1.00000E+0
6.18125E+0	-1.00000E+0	-1.00000E+0	-1.00000E+0	-1.00000E+0	3.34178E-2	1.73200E+0	-9.30000E-9	-9.71787E-3	NaN	-1.00000E+0	-1.00000E+0	-1.00000E+0
6.19982E+0	-1.00000E+0	-1.00000E+0	-1.00000E+0	-1.00000E+0	3.33525E-2	1.73200E+0	-9.40000E-9	-9.81515E-3	NaN	-1.00000E+0	-1.00000E+0	-1.00000E+0
6.21901E+0	-1.00000E+0	-1.00000E+0	-1.00000E+0	-1.00000E+0	3.32311E-2	1.73200E+0	-9.50000E-9	-9.90826E-3	NaN	-1.00000E+0	-1.00000E+0	-1.00000E+0
6.23732E+0	-1.00000E+0	-1.00000E+0	-1.00000E+0	-1.00000E+0	3.32977E-2	1.73200E+0	-9.60000E-9	-1.00025E-2	NaN	-1.00000E+0	-1.00000E+0	-1.00000E+0
6.25577E+0	-1.00000E+0	-1.00000E+0	-1.00000E+0	-1.00000E+0	3.35026E-2	1.73200E+0	-9.70000E-9	-1.00937E-2	NaN	-1.00000E+0	-1.00000E+0	-1.00000E+0
6.27431E+0	-1.00000E+0	-1.00000E+0	-1.00000E+0	-1.00000E+0	3.33738E-2	1.73200E+0	-9.80000E-9	-1.01897E-2	NaN	-1.00000E+0	-1.00000E+0	-1.00000E+0
6.29289E+0	-1.00000E+0	-1.00000E+0	-1.00000E+0	-1.00000E+0	3.33993E-2	1.73200E+0	-9.90000E-9	-1.02840E-2	NaN	-1.00000E+0	-1.00000E+0	-1.00000E+0
6.31148E+0	-1.00000E+0	-1.00000E+0	-1.00000E+0	-1.00000E+0	3.34027E-2	1.73200E+0	-1.00000E-8	-1.03773E-2	NaN	-1.00000E+0	-1.00000E+0	-1.00000E+0
6.32991E+0	-1.00000E+0	-1.00000E+0	-1.00000E+0	-1.00000E+0	3.33561E-2	1.73200E+0	-9.90000E-9	-1.02849E-2	NaN	-1.00000E+0	-1.00000E+0	-1.00000E+0
6.34845E+0	-1.00000E+0	-1.00000E+0	-1.00000E+0	-1.00000E+0	3.34583E-2	1.73200E+0	-9.80000E-9	-1.01889E-2	NaN	-1.00000E+0	-1.00000E+0	-1.00000E+0
6.36688E+0	-1.00000E+0	-1.00000E+0	-1.00000E+0	-1.00000E+0	3.33670E-2	1.73200E+0	-9.70000E-9	-1.00931E-2	NaN	-1.00000E+0	-1.00000E+0	-1.00000E+0
6.38517E+0	-1.00000E+0	-1.00000E+0	-1.00000E+0	-1.00000E+0	3.33880E-2	1.73200E+0	-9.60000E-9	-1.00014E-2	NaN	-1.00000E+0	-1.00000E+0	-1.00000E+0
6.40373E+0	-1.00000E+0	-1.00000E+0	-1.00000E+0	-1.00000E+0	3.35687E-2	1.73200E+0	-9.50000E-9	-9.90748E-3	NaN	-1.00000E+0	-1.00000E+0	-1.00000E+0
6.42247E+0	-1.00000E+0	-1.00000E+0	-1.00000E+0	-1.00000E+0	3.33721E-2	1.73200E+0	-9.40000E-9	-9.81419E-3	NaN	-1.00000E+0	-1.00000E+0	-1.00000E+0
6.44104E+0	-1.00000E+0	-1.00000E+0	-1.00000E+0	-1.00000E+0	3.34526E-2	1.73200E+0	-9.30000E-9	-9.71890E-3	NaN	-1.00000E+0	-1.00000E+0	-1.00000E+0
6.45955E+0	-1.00000E+0	-1.00000E+0	-1.00000E+0	-1.00000E+0	3.34200E-2	1.73200E+0	-9.20000E-9	-9.62701E-3	NaN	-1.00000E+0	-1.00000E+0	-1.00000E+0
6.47800E+0	-1.00000E+0	-1.00000E+0	-1.00000E+0	-1.00000E+0	3.35366E-2	1.73200E+0	-9.10000E-9	-9.53334E-3	NaN	-1.00000E+0	-1.00000E+0	-1.00000E+0
6.49652E+0	-1.00000E+0	-1.00000E+0	-1.00000E+0	-1.00000E+0	3.34728E-2	1.73200E+0	-9.00000E-9	-9.44018E-3	NaN	-1.00000E+0	-1.00000E+0	-1.00000E+0
6.51507E+0	-1.00000E+0	-1.00000E+0	-1.00000E+0	-1.00000E+0	3.33105E-2	1.73200E+0	-8.90000E-9	-9.34671E-3	NaN	-1.00000E+0	-1.00000E+0	-1.00000E+0
6.53372E+0	-1.00000E+0	-1.00000E+0	-1.00000E+0	-1.00000E+0	3.35438E-2	1.73200E+0	-8.80000E-9	-9.25157E-3	NaN	-1.00000E+0	-1.00000E+0	-1.00000E+0
6.55229E+0	-1.00000E+0	-1.00000E+0	-1.00000E+0	-1.00000E+0	3.36025E-2	1.73200E+0	-8.70000E-9	-9.16112E-3	NaN	-1.00000E+0	-1.00000E+0	-1.00000E+0
6.57076E+0	-1.00000E+0	-1.00000E+0	-1.00000E+0	-1.00000E+0	3.35354E-2	1.73200E+0	-8.60000E-9	-9.06665E-3	NaN	-1.00000E+0	-1.00000E+0	-1.00000E+0
6.58928E+0	-1.00000E+0	-1.00000E+0	-1.00000E+0	-1.00000E+0	3.35370E-2	1.73200E+0	-8.50000E-9	-8.97411E-3	NaN	-1.00000E+0	-1.00000E+0	-1.00000E+0
6.60773E+0	-1.00000E+0	-1.00000E+0	-1.00000E+0	-1.00000E+0	3.34277E-2	1.73200E+0	-8.40000E-9	-8.88009E-3	NaN	-1.00000E+0	-1.00000E+0	-1.00000E+0
6.62761E+0	-1.00000E+0	-1.00000E+0	-1.00000E+0	-1.00000E+0	3.33846E-2	1.73200E+0	-8.30000E-9	-8.78744E-3	NaN	-1.00000E+0	-1.00000E+0	-1.00000E+0
6.64608E+0	-1.00000E+0	-1.00000E+0	-1.00000E+0	-1.00000E+0	3.36556E-2	1.73200E+0	-8.20000E-9	-8.69564E-3	NaN	-1.00000E+0	-1.00000E+0	-1.00000E+0
6.66463E+0	-1.00000E+0	-1.00000E+0	-1.00000E+0	-1.00000E+0	3.35703E-2	1.73200E+0	-8.10000E-9	-8.60281E-3	NaN	-1.00000E+0	-1.00000E+0	-1.00000E+0
6.68378E+0	-1.00000E+0	-1.00000E+0	-1.00000E+0	-1.00000E+0	3.35320E-2	1.73200E+0	-8.00000E-9	-8.51146E-3	NaN	-1.00000E+0	-1.00000E+0	-1.00000E+0
6.70210E+0	-1.00000E+0	-1.00000E+0	-1.00000E+0	-1.00000E+0	3.33572E-2	1.73200E+0	-7.90000E-9	-8.41761E-3	NaN	-1.00000E+0	-1.00000E+0	-1.00000E+0
6.72067E+0	-1.00000E+0	-1.00000E+0	-1.00000E+0	-1.00000E+0	3.34835E-2	1.73200E+0	-7.80000E-9	-8.32595E-3	NaN	-1.00000E+0	-1.00000E+0	-1.00000E+0
6.73910E+0	-1.00000E+0	-1.00000E+0	-1.00000E+0	-1.00000E+0	3.35213E-2	1.73200E+0	-7.70000E-9	-8.23229E-3	NaN	-1.00000E+0	-1.00000E+0	-1.00000E+0
6.75759E+0	-1.00000E+0	-1.00000E+0	-1.00000E+0	-1.00000E+0	3.34288E-2	1.73200E+0	-7.60000E-9	-8.13992E-3	NaN	-1.00000E+0	-1.00000E+0	-1.00000E+0
6.77802E+0	-1.00000E+0	-1.00000E+0	-1.00000E+0	-1.00000E+0	3.35231E-2	1.73200E+0	-7.50000E-9	-8.04919E-3	NaN	-1.00000E+0	-1.00000E+0	-1.00000E+0
6.79657E+0	-1.00000E+0	-1.00000E+0	-1.00000E+0	-1.00000E+0	3.32344E-2	1.73200E+0	-7.40000E-9	-7.95466E-3	NaN	-1.00000E+0	-1.00000E+0	-1.00000E+0
6.81512E+0	-1.00000E+0	-1.00000E+0	-1.00000E+0	-1.00000E+0	3.34731E-2	1.73200E+0	-7.30000E-9	-7.86363E-3	NaN	-1.00000E+0	-1.00000E+0	-1.00000E+0
6.83456E+0	-1.00000E+0	-1.00000E+0	-1.00000E+0	-1.00000E+0	3.34150E-2	1.73200E+0	-7.20000E-9	-7.77108E-3	NaN	-1.00000E+0	-1.00000E+0	-1.00000E+0
6.85301E+0	-1.00000E+0	-1.00000E+0	-1.00000E+0	-1.00000E+0	3.34650E-2	1.73200E+0	-7.10000E-9	-7.68112E-3	NaN	-1.00000E+0	-1.00000E+0	-1.00000E+0
6.87153E+0	-1.00000E+0	-1.00000E+0	-1.00000E+0	-1.00000E+0	3.35580E-2	1.73200E+0	-7.00000E-9	-7.56830E-3	NaN	-1.00000E+0	-1.00000E+0	-1.00000E+0
6.89146E+0	-1.00000E+0	-1.00000E+0	-1.00000E+0	-1.00000E+0	3.35513E-2	1.73200E+0	-6.90000E-9	-7.47383E-3	NaN	-1.00000E+0	-1.00000E+0	-1.00000E+0
6.90995E+0	-1.00000E+0	-1.00000E+0	-1.00000E+0	-1.00000E+0	3.36154E-2	1.73200E+0	-6.80000E-9	-7.38473E-3	NaN	-1.00000E+0	-1.00000E+0	-1.00000E+0
6.92845E+0	-1.00000E+0	-1.00000E+0	-1.00000E+0	-1.00000E+0	3.33426E-2	1.73200E+0	-6.70000E-9	-7.29395E-3	NaN	-1.00000E+0	-1.00000E+0	-1.00000E+0
6.94701E+0	-1.00000E+0	-1.00000E+0	-1.00000E+0	-1.00000E+0	3.34212E-2	1.73200E+0	-6.60000E-9	-7.20630E-3	NaN	-1.00000E+0	-1.00000E+0	-1.00000E+0
6.96552E+0	-1.00000E+0	-1.00000E+0	-1.00000E+0	-1.00000E+0	3.35281E-2	1.73200E+0	-6.50000E-9	-7.11234E-3	NaN	-1.00000E+0	-1.00000E+0	-1.00000E+0
6.98412E+0	-1.00000E+0	-1.00000E+0	-1.00000E+0	-1.00000E+0	3.34689E-2	1.73200E+0	-6.40000E-9	-7.02135E-3	NaN	-1.00000E+0	-1.00000E+0	-1.00000E+0
7.00258E+0	-1.00000E+0	-1.00000E+0	-1.00000E+0	-1.00000E+0	3.33120E-2	1.73200E+0	-6.30000E-9	-6.93133E-3	NaN	-1.00000E+0	-1.00000E+0	-1.00000E+0
7.02105E+0	-1.00000E+0	-1.00000E+0	-1.00000E+0	-1.00000E+0	3.34266E-2	1.73200E+0	-6.20000E-9	-6.84214E-3	NaN	-1.00000E+0	-1.00000E+0	-1.00000E+0
7.03935E+0	-1.00000E+0	-1.00000E+0	-1.00000E+0	-1.00000E+0	3.35253E-2	1.73200E+0	-6.10000E-9	-6.75215E-3	NaN	-1.00000E+0	-1.00000E+0	-1.00000E+0
7.05789E+0	-1.00000E+0	-1.00000E+0	-1.00000E+0	-1.00000E+0	3.34547E-2	1.73200E+0	-6.00000E-9	-6.65889E-3	NaN	-1.00000E+0	-1.00000E+0	-1.00000E+0
7.07649E+0	-1.00000E+0	-1.00000E+0	-1.00000E+0	-1.00000E+0	3.33295E-2	1.73200E+0	-5.90000E-9	-6.56974E-3	NaN	-1.00000E+0	-1.00000E+0	-1.00000E+0
7.09507E+0	-1.00000E+0	-1.00000E+0	-1.00000E+0	-1.00000E+0	3.34975E-2	1.73200E+0	-5.80000E-9	-6.48175E-3	NaN	-1.00000E+0	-1.00000E+0	-1.00000E+0
7.11354E+0	-1.00000E+0	-1.00000E+0	-1.00000E+0	-1.00000E+0	3.35600E-2	1.73200E+0	-5.70000E-9	-6.39139E-3	NaN	-1.00000E+0	-1.00000E+0	-1.00000E+0
7.13186E+0	-1.00000E+0	-1.00000E+0	-1.00000E+0	-1.00000E+0	3.35124E-2	1.73200E+0	-5.60000E-9	-6.30144E-3	NaN	-1.00000E+0	-1.00000E+0	-1.00000E+0
7.15044E+0	-1.00000E+0	-1.00000E+0	-1.00000E+0	-1.00000E+0	3.34942E-2	1.73200E+0	-5.50000E-9	-6.20966E-3	NaN	-1.00000E+0	-1.00000E+0	-1.00000E+0
7.16958E+0	-1.00000E+0	-1.00000E+0	-1.00000E+0	-1.00000E+0	3.34691E-2	1.73200E+0	-5.40000E-9	-6.12301E-3	NaN	-1.00000E+0	-1.00000E+0	-1.00000E+0
7.18821E+0	-1.00000E+0	-1.00000E+0	-1.00000E+0	-1.00000E+0	3.36121E-2	1.73200E+0	-5.30000E-9	-6.03346E-3	NaN	-1.00000E+0	-1.00000E+0	-1.00000E+0
7.20656E+0	-1.00000E+0	-1.00000E+0	-1.00000E+0	-1.00000E+0	3.36520E-2	1.73200E+0	-5.20000E-9	-5.94454E-3	NaN	-1.00000E+0	-1.00000E+0	-1.00000E+0
7.22506E+0	-1.00000E+0	-1.00000E+0	-1.00000E+0	-1.00000E+0	3.34501E-2	1.73200E+0	-5.10000E-9	-5.85299E-3	NaN	-1.00000E+0	-1.00000E+0	-1.00000E+0
7.24366E+0	-1.00000E+0	-1.00000E+0	-1.00000E+0	-1.00000E+0	3.36826E-2	1.73200E+0	-5.00000E-9	-5.76789E-3	NaN	-1.00000E+0	-1.00000E+0	-1.00000E+0
7.26202E+0	-1.00000E+0	-1.00000E+0	-1.00000E+0	-1.00000E+0	3.35865E-2	1.73200E+0	-4.90000E-9	-5.67951E-3	NaN	-1.00000E+0	-1.00000E+0	-1.00000E+0
7.28048E+0	-1.00000E+0	-1.00000E+0	-1.00000E+0	-1.00000E+0	3.37016E-2	1.73200E+0	-4.80000E-9	-5.59092E-3	NaN	-1.00000E+0	-1.00000E+0	-1.00000E+0
7.29965E+0	-1.00000E+0	-1.00000E+0	-1.00000E+0	-1.00000E+0	3.35618E-2	1.73200E+0	-4.70000E-9	-5.50435E-3	NaN	-1.00000E+0	-1.00000E+0	-1.00000E+0
7.31825E+0	-1.00000E+0	-1.00000E+0	-1.00000E+0	-1.00000E+0	3.35109E-2	1.73200E+0	-4.60000E-9	-5.41590E-3	NaN	-1.00000E+0	-1.00000E+0	-1.00000E+0
7.33684E+0	-1.00000E+0	-1.00000E+0	-1.00000E+0	-1.00000E+0	3.36720E-2	1.73200E+0	-4.50000E-9	-5.33064E-3	NaN	-1.00000E+0	-1.00000E+0	-1.00000E+0
7.35535E+0	-1.00000E+0	-1.00000E+0	-1.00000E+0	-1.00000E+0	3.36177E-2	1.73200E+0	-4.40000E-9	-5.24482E-3	NaN	-1.00000E+0	-1.00000E+0	-1.00000E+0
7.37394E+0	-1.00000E+0	-1.00000E+0	-1.00000E+0	-1.00000E+0	3.34731E-2	1.73200E+0	-4.30000E-9	-5.16063E-3	NaN	-1.00000E+0	-1.00000E+0	-1.00000E+0
7.39241E+0	-1.00000E+0	-1.00000E+0	-1.00000E+0	-1.00000E+0	3.35470E-2	1.73200E+0	-4.20000E-9	-5.07656E-3	NaN	-1.00000E+0	-1.00000E+0	-1.00000E+0
7.41096E+0	-1.00000E+0	-1.00000E+0	-1.00000E+0	-1.00000E+0	3.35148E-2	1.73200E+0	-4.10000E-9	-4.99443E-3	NaN	-1.00000E+0	-1.00000E+0	-1.00000E+0
7.42941E+0	-1.00000E+0	-1.00000E+0	-1.00000E+0	-1.00000E+0	3.37309E-2	1.73200E+0	-4.00000E-9	-4.91447E-3	NaN	-1.00000E+0	-1.00000E+0	-1.00000E+0
7.44819E+0	-1.00000E+0	-1.00000E+0	-1.00000E+0	-1.00000E+0	3.36266E-2	1.73200E+0	-3.90000E-9	-4.81872E-3	NaN	-1.00000E+0	-1.00000E+0	-1.00000E+0
7.46676E+0	-1.00000E+0	-1.00000E+0	-1.00000E+0	-1.00000E+0	3.36158E-2	1.73200E+0	-3.80000E-9	-4.74573E-3	NaN	-1.00000E+0	-1.00000E+0	-1.00000E+0
7.48593E+0	-1.00000E+0	-1.00000E+0	-1.00000E+0	-1.00000E+0	3.36483E-2	1.73200E+0	-3.70000E-9	-4.67869E-3	NaN	-1.00000E+0	-1.00000E+0	-1.00000E+0
7.50436E+0	-1.00000E+0	-1.00000E+0	-1.00000E+0	-1.00000E+0	3.35844E-2	1.73200E+0	-3.60000E-9	-4.61611E-3	NaN	-1.00000E+0	-1.00000E+0	-1.00000E+0
7.52286E+0	-1.00000E+0	-1.00000E+0	-1.00000E+0	-1.00000E+0	3.35970E-2	1.73200E+0	-3.50000E-9	-4.55521E-3	NaN	-1.00000E+0	-1.00000E+0	-1.00000E+0
7.54131E+0	-1.00000E+0	-1.00000E+0	-1.00000E+0	-1.00000E+0	3.35448E-2	1.73200E+0	-3.40000E-9	-4.50073E-3	NaN	-1.00000E+0	-1.00000E+0	-1.00000E+0
7.55983E+0	-1.00000E+0	-1.00000E+0	-1.00000E+0	-1.00000E+0	3.37069E-2	1.73200E+0	-3.30000E-9	-4.45245E-3	NaN	-1.00000E+0	-1.00000E+0	-1.00000E+0
7.57840E+0	-1.00000E+0	-1.00000E+0	-1.00000E+0	-1.00000E+0	3.37194E-2	1.73200E+0	-3.20000E-9	-4.41430E-3	NaN	-1.00000E+0	-1.00000E+0	-1.00000E+0
7.59698E+0	-1.00000E+0	-1.00000E+0	-1.00000E+0	-1.00000E+0	3.37040E-2	1.73200E+0	-3.10000E-9	-4.38869E-3	NaN	-1.00000E+0	-1.00000E+0	-1.00000E+0
7.61554E+0	-1.00000E+0	-1.00000E+0	-1.00000E+0	-1.00000E+0	3.35620E-2	1.73200E+0	-3.00000E-9	-4.37194E-3	NaN	-1.00000E+0	-1.00000E+0	-1.00000E+0
7.63554E+0	-1.00000E+0	-1.00000E+0	-1.00000E+0	-1.00000E+0	3.36163E-2	1.73200E+0	-2.90000E-9	-4.36175E-3	NaN	-1.00000E+0	-1.00000E+0	-1.00000E+0
7.65402E+0	-1.00000E+0	-1.00000E+0	-1.00000E+0	-1.00000E+0	3.36626E-2	1.73200E+0	-2.80000E-9	-4.35571E-3	NaN	-1.00000E+0	-1.00000E+0	-1.00000E+0
7.67232E+0	-1.00000E+0	-1.00000E+0	-1.00000E+0	-1.00000E+0	3.36201E-2	1.73200E+0	-2.70000E-9	-4.35081E-3	NaN	-1.00000E+0	-1.00000E+0	-1.00000E+0
7.69149E+0	-1.00000E+0	-1.00000E+0	-1.00000E+0	-1.00000E+0	3.34372E-2	1.73200E+0	-2.60000E-9	-4.34703E-3	NaN	-1.00000E+0	-1.00000E+0	-1.00000E+0
7.70992E+0	-1.00000E+0	-1.00000E+0	-1.00000E+0	-1.00000E+0	3.36188E-2	1.73200E+0	-2.50000E-9	-4.34443E-3	NaN	-1.00000E+0	-1.00000E+0	-1.00000E+0
7.72841E+0	-1.00000E+0	-1.00000E+0	-1.00000E+0	-1.00000E+0	3.37237E-2	1.73200E+0	-2.40000E-9	-4.34141E-3	NaN	-1.00000E+0	-1.00000E+0	-1.00000E+0
7.74681E+0	-1.00000E+0	-1.00000E+0	-1.00000E+0	-1.00000E+0	3.35729E-2	1.73200E+0	-2.30000E-9	-4.33913E-3	NaN	-1.00000E+0	-1.00000E+0	-1.00000E+0
7.76523E+0	-1.00000E+0	-1.00000E+0	-1.00000E+0	-1.00000E+0	3.34757E-2	1.73200E+0	-2.20000E-9	-4.33694E-3	NaN	-1.00000E+0	-1.00000E+0	-1.00000E+0
7.78386E+0	-1.00000E+0	-1.00000E+0	-1.00000E+0	-1.00000E+0	3.35949E-2	1.73200E+0	-2.10000E-9	-4.33476E-3	NaN	-1.00000E+0	-1.00000E+0	-1.00000E+0
7.80233E+0	-1.00000E+0	-1.00000E+0	-1.00000E+0	-1.00000E+0	3.37201E-2	1.73200E+0	-2.00000E-9	-4.33254E-3	NaN	-1.00000E+0	-1.00000E+0	-1.00000E+0
7.82091E+0	-1.00000E+0	-1.00000E+0	-1.00000E+0	-1.00000E+0	3.37107E-2	1.73200E+0	-1.90000E-9	-4.33050E-3	NaN	-1.00000E+0	-1.00000E+0	-1.00000E+0
7.83937E+0	-1.00000E+0	-1.00000E+0	-1.00000E+0	-1.00000E+0	3.36179E-2	1.73200E+0	-1.80000E-9	-4.32904E-3	NaN	-1.00000E+0	-1.00000E+0	-1.00000E+0
7.85792E+0	-1.00000E+0	-1.00000E+0	-1.00000E+0	-1.00000E+0	3.35754E-2	1.73200E+0	-1.70000E-9	-4.32720E-3	NaN	-1.00000E+0	-1.00000E+0	-1.00000E+0
7.87648E+0	-1.00000E+0	-1.00000E+0	-1.00000E+0	-1.00000E+0	3.35381E-2	1.73200E+0	-1.60000E-9	-4.32620E-3	NaN	-1.00000E+0	-1.00000E+0	-1.00000E+0
7.89567E+0	-1.00000E+0	-1.00000E+0	-1.00000E+0	-1.00000E+0	3.37254E-2	1.73200E+0	-1.50000E-9	-4.32515E-3	NaN	-1.00000E+0	-1.00000E+0	-1.00000E+0
7.91412E+0	-1.00000E+0	-1.00000E+0	-1.00000E+0	-1.00000E+0	3.36742E-2	1.73200E+0	-1.40000E-9	-4.32420E-3	NaN	-1.00000E+0	-1.00000E+0	-1.00000E+0
7.93255E+0	-1.00000E+0	-1.00000E+0	-1.00000E+0	-1.00000E+0	3.36673E-2	1.73200E+0	-1.30000E-9	-4.32313E-3	NaN	-1.00000E+0	-1.00000E+0	-1.00000E+0
7.95157E+0	-1.00000E+0	-1.00000E+0	-1.00000E+0	-1.00000E+0	3.36292E-2	1.73200E+0	-1.20000E-9	-4.32225E-3	NaN	-1.00000E+0	-1.00000E+0	-1.00000E+0
7.97146E+0	-1.00000E+0	-1.00000E+0	-1.00000E+0	-1.00000E+0	3.39161E-2	1.73200E+0	-1.10000E-9	-4.32138E-3	NaN	-1.00000E+0	-1.00000E+0	-1.00000E+0
7.99007E+0	-1.00000E+0	-1.00000E+0	-1.00000E+0	-1.00000E+0	3.37440E-2	1.73200E+0	-1.00000E-9	-4.32024E-3	NaN	-1.00000E+0	-1.00000E+0	-1.00000E+0
8.00854E+0	-1.00000E+0	-1.00000E+0	-1.00000E+0	-1.00000E+0	3.36893E-2	1.73200E+0	-9.00000E-10	-4.31861E-3	NaN	-1.00000E+0	-1.00000E+0	-1.00000E+0
8.02704E+0	-1.00000E+0	-1.00000E+0	-1.00000E+0	-1.00000E+0	3.36924E-2	1.73200E+0	-8.00000E-10	-4.31735E-3	NaN	-1.00000E+0	-1.00000E+0	-1.00000E+0
8.04561E+0	-1.00000E+0	-1.00000E+0	-1.00000E+0	-1.00000E+0	3.37223E-2	1.73200E+0	-7.00000E-10	-4.31551E-3	NaN	-1.00000E+0	-1.00000E+0	-1.00000E+0
8.06426E+0	-1.00000E+0	-1.00000E+0	-1.00000E+0	-1.00000E+0	3.36216E-2	1.73200E+0	-6.00000E-10	-4.31359E-3	NaN	-1.00000E+0	-1.00000E+0	-1.00000E+0
8.08275E+0	-1.00000E+0	-1.00000E+0	-1.00000E+0	-1.00000E+0	3.37494E-2	1.73200E+0	-5.00000E-10	-4.31180E-3	NaN	-1.00000E+0	-1.00000E+0	-1.00000E+0
8.10118E+0	-1.00000E+0	-1.00000E+0	-1.00000E+0	-1.00000E+0	3.35431E-2	1.73200E+0	-4.00000E-10	-4.30935E-3	NaN	-1.00000E+0	-1.00000E+0	-1.00000E+0
8.11983E+0	-1.00000E+0	-1.00000E+0	-1.00000E+0	-1.00000E+0	3.37853E-2	1.73200E+0	-3.00000E-10	-4.30593E-3	NaN	-1.00000E+0	-1.00000E+0	-1.00000E+0
8.13842E+0	-1.00000E+0	-1.00000E+0	-1.00000E+0	-1.00000E+0	3.35670E-2	1.73200E+0	-2.00000E-10	-4.29949E-3	NaN	-1.00000E+0	-1.00000E+0	-1.00000E+0
8.15698E+0	-1.00000E+0	-1.00000E+0	-1.00000E+0	-1.00000E+0	3.38002E-2	1.73200E+0	-1.00000E-10	-4.28658E-3	NaN	-1.00000E+0	-1.00000E+0	-1.00000E+0
