Date: Sun, Apr 05, 2020 2:02 PM; User: wsLu; Sample: 59BBNX_IVfFF

Force G mode: None
Force S mode: AWG:IDC	Force S Rser (Max I): 1Gohm - 2nA
Attn: 9.600000E-4; DL1201 gain: 100; Voff (V): 0.000000E+0;
I bias (A): 1.000000E-10 Coil range (A): 2.000000E-3; Coil factor (G/A): 580

Sense mode: HP:IDC/DL1201; DUT Z setting: >10Gohm
tf stb (ms): 500; ts stb (ms): 50; ts itr (ms): 10; #s itr: 1

SetpG file:
\\JOSH-PC\OurData\wsLu\RawData\DC\setpt\MRmL0d96mA-P0d68t0d96mS5u_57d.txt
SetpS file:
\\JOSH-PC\OurData\wsLu\RawData\DC\setpt\IVpR2pA-PN2pS20f_400d.txt

Note:
1. Pin assignment:1ab,2ab (actual name: 59BBN1)
2. HP34401 fast 6 digit
3. DL1201 preamp, HPF DC, LPF 3Hz; DC coupled, line power



!DATASTR!
Time	T1	T2	T5	T6	T8	IG	IS	V1	SD1	V2	SD2	Rcali
(min)	(K)	(K)	(K)	(K)	(K)	(A)	(A)	(V)	(V)	(V)	(V)	(ohm)
1.11840E-2	-1.00000E+0	-1.00000E+0	-1.00000E+0	-1.00000E+0	3.36617E-2	1.73200E+0	0.00000E+0	1.99519E-4	NaN	-1.00000E+0	-1.00000E+0	-1.00000E+0
3.01684E-2	-1.00000E+0	-1.00000E+0	-1.00000E+0	-1.00000E+0	3.37427E-2	1.73200E+0	2.00000E-14	2.16357E-4	NaN	-1.00000E+0	-1.00000E+0	-1.00000E+0
4.88361E-2	-1.00000E+0	-1.00000E+0	-1.00000E+0	-1.00000E+0	3.36687E-2	1.73200E+0	4.00000E-14	2.13311E-4	NaN	-1.00000E+0	-1.00000E+0	-1.00000E+0
6.65038E-2	-1.00000E+0	-1.00000E+0	-1.00000E+0	-1.00000E+0	3.36817E-2	1.73200E+0	6.00000E-14	2.23150E-4	NaN	-1.00000E+0	-1.00000E+0	-1.00000E+0
8.53549E-2	-1.00000E+0	-1.00000E+0	-1.00000E+0	-1.00000E+0	3.38509E-2	1.73200E+0	8.00000E-14	2.19288E-4	NaN	-1.00000E+0	-1.00000E+0	-1.00000E+0
1.02873E-1	-1.00000E+0	-1.00000E+0	-1.00000E+0	-1.00000E+0	3.38421E-2	1.73200E+0	1.00000E-13	2.28586E-4	NaN	-1.00000E+0	-1.00000E+0	-1.00000E+0
1.21057E-1	-1.00000E+0	-1.00000E+0	-1.00000E+0	-1.00000E+0	3.38207E-2	1.73200E+0	1.20000E-13	2.24519E-4	NaN	-1.00000E+0	-1.00000E+0	-1.00000E+0
1.38875E-1	-1.00000E+0	-1.00000E+0	-1.00000E+0	-1.00000E+0	3.36170E-2	1.73200E+0	1.40000E-13	2.33586E-4	NaN	-1.00000E+0	-1.00000E+0	-1.00000E+0
1.56759E-1	-1.00000E+0	-1.00000E+0	-1.00000E+0	-1.00000E+0	3.36325E-2	1.73200E+0	1.60000E-13	2.30441E-4	NaN	-1.00000E+0	-1.00000E+0	-1.00000E+0
1.74693E-1	-1.00000E+0	-1.00000E+0	-1.00000E+0	-1.00000E+0	3.38339E-2	1.73200E+0	1.80000E-13	2.38901E-4	NaN	-1.00000E+0	-1.00000E+0	-1.00000E+0
1.94228E-1	-1.00000E+0	-1.00000E+0	-1.00000E+0	-1.00000E+0	3.37708E-2	1.73200E+0	2.00000E-13	2.40182E-4	NaN	-1.00000E+0	-1.00000E+0	-1.00000E+0
2.12962E-1	-1.00000E+0	-1.00000E+0	-1.00000E+0	-1.00000E+0	3.36920E-2	1.73200E+0	2.20000E-13	2.39213E-4	NaN	-1.00000E+0	-1.00000E+0	-1.00000E+0
2.31463E-1	-1.00000E+0	-1.00000E+0	-1.00000E+0	-1.00000E+0	3.38350E-2	1.73200E+0	2.40000E-13	2.47841E-4	NaN	-1.00000E+0	-1.00000E+0	-1.00000E+0
2.50364E-1	-1.00000E+0	-1.00000E+0	-1.00000E+0	-1.00000E+0	3.37866E-2	1.73200E+0	2.60000E-13	2.45632E-4	NaN	-1.00000E+0	-1.00000E+0	-1.00000E+0
2.67832E-1	-1.00000E+0	-1.00000E+0	-1.00000E+0	-1.00000E+0	3.35221E-2	1.73200E+0	2.80000E-13	2.52477E-4	NaN	-1.00000E+0	-1.00000E+0	-1.00000E+0
2.87116E-1	-1.00000E+0	-1.00000E+0	-1.00000E+0	-1.00000E+0	3.36254E-2	1.73200E+0	3.00000E-13	2.51240E-4	NaN	-1.00000E+0	-1.00000E+0	-1.00000E+0
3.05034E-1	-1.00000E+0	-1.00000E+0	-1.00000E+0	-1.00000E+0	3.37307E-2	1.73200E+0	3.20000E-13	2.56904E-4	NaN	-1.00000E+0	-1.00000E+0	-1.00000E+0
3.23452E-1	-1.00000E+0	-1.00000E+0	-1.00000E+0	-1.00000E+0	3.37341E-2	1.73200E+0	3.40000E-13	2.59450E-4	NaN	-1.00000E+0	-1.00000E+0	-1.00000E+0
3.41186E-1	-1.00000E+0	-1.00000E+0	-1.00000E+0	-1.00000E+0	3.36240E-2	1.73200E+0	3.60000E-13	2.61460E-4	NaN	-1.00000E+0	-1.00000E+0	-1.00000E+0
3.60471E-1	-1.00000E+0	-1.00000E+0	-1.00000E+0	-1.00000E+0	3.37382E-2	1.73200E+0	3.80000E-13	2.67374E-4	NaN	-1.00000E+0	-1.00000E+0	-1.00000E+0
3.78955E-1	-1.00000E+0	-1.00000E+0	-1.00000E+0	-1.00000E+0	3.34948E-2	1.73200E+0	4.00000E-13	2.63586E-4	NaN	-1.00000E+0	-1.00000E+0	-1.00000E+0
3.97373E-1	-1.00000E+0	-1.00000E+0	-1.00000E+0	-1.00000E+0	3.35008E-2	1.73200E+0	4.20000E-13	2.73688E-4	NaN	-1.00000E+0	-1.00000E+0	-1.00000E+0
4.16841E-1	-1.00000E+0	-1.00000E+0	-1.00000E+0	-1.00000E+0	3.34395E-2	1.73200E+0	4.40000E-13	2.71793E-4	NaN	-1.00000E+0	-1.00000E+0	-1.00000E+0
4.34542E-1	-1.00000E+0	-1.00000E+0	-1.00000E+0	-1.00000E+0	3.35589E-2	1.73200E+0	4.60000E-13	2.75732E-4	NaN	-1.00000E+0	-1.00000E+0	-1.00000E+0
4.53476E-1	-1.00000E+0	-1.00000E+0	-1.00000E+0	-1.00000E+0	3.36385E-2	1.73200E+0	4.80000E-13	2.80639E-4	NaN	-1.00000E+0	-1.00000E+0	-1.00000E+0
4.72277E-1	-1.00000E+0	-1.00000E+0	-1.00000E+0	-1.00000E+0	3.34785E-2	1.73200E+0	5.00000E-13	2.79594E-4	NaN	-1.00000E+0	-1.00000E+0	-1.00000E+0
4.90711E-1	-1.00000E+0	-1.00000E+0	-1.00000E+0	-1.00000E+0	3.34862E-2	1.73200E+0	5.20000E-13	2.85197E-4	NaN	-1.00000E+0	-1.00000E+0	-1.00000E+0
5.08646E-1	-1.00000E+0	-1.00000E+0	-1.00000E+0	-1.00000E+0	3.36528E-2	1.73200E+0	5.40000E-13	2.83554E-4	NaN	-1.00000E+0	-1.00000E+0	-1.00000E+0
6.32603E-1	-1.00000E+0	-1.00000E+0	-1.00000E+0	-1.00000E+0	3.34348E-2	1.73200E+0	5.60000E-13	2.91991E-4	NaN	-1.00000E+0	-1.00000E+0	-1.00000E+0
6.51837E-1	-1.00000E+0	-1.00000E+0	-1.00000E+0	-1.00000E+0	3.34129E-2	1.73200E+0	5.80000E-13	2.89219E-4	NaN	-1.00000E+0	-1.00000E+0	-1.00000E+0
6.69288E-1	-1.00000E+0	-1.00000E+0	-1.00000E+0	-1.00000E+0	3.35330E-2	1.73200E+0	6.00000E-13	2.97807E-4	NaN	-1.00000E+0	-1.00000E+0	-1.00000E+0
6.87089E-1	-1.00000E+0	-1.00000E+0	-1.00000E+0	-1.00000E+0	3.34535E-2	1.73200E+0	6.20000E-13	2.93769E-4	NaN	-1.00000E+0	-1.00000E+0	-1.00000E+0
7.05690E-1	-1.00000E+0	-1.00000E+0	-1.00000E+0	-1.00000E+0	3.35150E-2	1.73200E+0	6.40000E-13	3.01653E-4	NaN	-1.00000E+0	-1.00000E+0	-1.00000E+0
7.24025E-1	-1.00000E+0	-1.00000E+0	-1.00000E+0	-1.00000E+0	3.35022E-2	1.73200E+0	6.60000E-13	3.00293E-4	NaN	-1.00000E+0	-1.00000E+0	-1.00000E+0
7.41826E-1	-1.00000E+0	-1.00000E+0	-1.00000E+0	-1.00000E+0	3.32985E-2	1.73200E+0	6.80000E-13	3.04378E-4	NaN	-1.00000E+0	-1.00000E+0	-1.00000E+0
7.59927E-1	-1.00000E+0	-1.00000E+0	-1.00000E+0	-1.00000E+0	3.35878E-2	1.73200E+0	7.00000E-13	3.06083E-4	NaN	-1.00000E+0	-1.00000E+0	-1.00000E+0
7.77761E-1	-1.00000E+0	-1.00000E+0	-1.00000E+0	-1.00000E+0	3.35659E-2	1.73200E+0	7.20000E-13	3.08207E-4	NaN	-1.00000E+0	-1.00000E+0	-1.00000E+0
7.96662E-1	-1.00000E+0	-1.00000E+0	-1.00000E+0	-1.00000E+0	3.33133E-2	1.73200E+0	7.40000E-13	3.13380E-4	NaN	-1.00000E+0	-1.00000E+0	-1.00000E+0
8.14497E-1	-1.00000E+0	-1.00000E+0	-1.00000E+0	-1.00000E+0	3.34313E-2	1.73200E+0	7.60000E-13	3.11706E-4	NaN	-1.00000E+0	-1.00000E+0	-1.00000E+0
8.32898E-1	-1.00000E+0	-1.00000E+0	-1.00000E+0	-1.00000E+0	3.34872E-2	1.73200E+0	7.80000E-13	3.19932E-4	NaN	-1.00000E+0	-1.00000E+0	-1.00000E+0
8.51732E-1	-1.00000E+0	-1.00000E+0	-1.00000E+0	-1.00000E+0	3.34050E-2	1.73200E+0	8.00000E-13	3.15637E-4	NaN	-1.00000E+0	-1.00000E+0	-1.00000E+0
8.71283E-1	-1.00000E+0	-1.00000E+0	-1.00000E+0	-1.00000E+0	3.34173E-2	1.73200E+0	8.20000E-13	3.22368E-4	NaN	-1.00000E+0	-1.00000E+0	-1.00000E+0
8.89868E-1	-1.00000E+0	-1.00000E+0	-1.00000E+0	-1.00000E+0	3.33437E-2	1.73200E+0	8.40000E-13	3.23310E-4	NaN	-1.00000E+0	-1.00000E+0	-1.00000E+0
9.08619E-1	-1.00000E+0	-1.00000E+0	-1.00000E+0	-1.00000E+0	3.35776E-2	1.73200E+0	8.60000E-13	3.23683E-4	NaN	-1.00000E+0	-1.00000E+0	-1.00000E+0
9.27786E-1	-1.00000E+0	-1.00000E+0	-1.00000E+0	-1.00000E+0	3.34112E-2	1.73200E+0	8.80000E-13	3.30498E-4	NaN	-1.00000E+0	-1.00000E+0	-1.00000E+0
9.47221E-1	-1.00000E+0	-1.00000E+0	-1.00000E+0	-1.00000E+0	3.34158E-2	1.73200E+0	9.00000E-13	3.26646E-4	NaN	-1.00000E+0	-1.00000E+0	-1.00000E+0
9.66289E-1	-1.00000E+0	-1.00000E+0	-1.00000E+0	-1.00000E+0	3.35556E-2	1.73200E+0	9.20000E-13	3.32664E-4	NaN	-1.00000E+0	-1.00000E+0	-1.00000E+0
9.83890E-1	-1.00000E+0	-1.00000E+0	-1.00000E+0	-1.00000E+0	3.34589E-2	1.73200E+0	9.40000E-13	3.33655E-4	NaN	-1.00000E+0	-1.00000E+0	-1.00000E+0
1.00374E+0	-1.00000E+0	-1.00000E+0	-1.00000E+0	-1.00000E+0	3.32577E-2	1.73200E+0	9.60000E-13	3.36685E-4	NaN	-1.00000E+0	-1.00000E+0	-1.00000E+0
1.02239E+0	-1.00000E+0	-1.00000E+0	-1.00000E+0	-1.00000E+0	3.32804E-2	1.73200E+0	9.80000E-13	3.42045E-4	NaN	-1.00000E+0	-1.00000E+0	-1.00000E+0
1.04038E+0	-1.00000E+0	-1.00000E+0	-1.00000E+0	-1.00000E+0	3.35474E-2	1.73200E+0	1.00000E-12	3.38068E-4	NaN	-1.00000E+0	-1.00000E+0	-1.00000E+0
1.05889E+0	-1.00000E+0	-1.00000E+0	-1.00000E+0	-1.00000E+0	3.35335E-2	1.73200E+0	1.02000E-12	3.47469E-4	NaN	-1.00000E+0	-1.00000E+0	-1.00000E+0
1.07676E+0	-1.00000E+0	-1.00000E+0	-1.00000E+0	-1.00000E+0	3.35029E-2	1.73200E+0	1.04000E-12	3.43972E-4	NaN	-1.00000E+0	-1.00000E+0	-1.00000E+0
1.09470E+0	-1.00000E+0	-1.00000E+0	-1.00000E+0	-1.00000E+0	3.33794E-2	1.73200E+0	1.06000E-12	3.52469E-4	NaN	-1.00000E+0	-1.00000E+0	-1.00000E+0
1.11250E+0	-1.00000E+0	-1.00000E+0	-1.00000E+0	-1.00000E+0	3.34530E-2	1.73200E+0	1.08000E-12	3.48192E-4	NaN	-1.00000E+0	-1.00000E+0	-1.00000E+0
1.13198E+0	-1.00000E+0	-1.00000E+0	-1.00000E+0	-1.00000E+0	3.33195E-2	1.73200E+0	1.10000E-12	3.53337E-4	NaN	-1.00000E+0	-1.00000E+0	-1.00000E+0
1.15002E+0	-1.00000E+0	-1.00000E+0	-1.00000E+0	-1.00000E+0	3.33620E-2	1.73200E+0	1.12000E-12	3.56924E-4	NaN	-1.00000E+0	-1.00000E+0	-1.00000E+0
1.16815E+0	-1.00000E+0	-1.00000E+0	-1.00000E+0	-1.00000E+0	3.33456E-2	1.73200E+0	1.14000E-12	3.58130E-4	NaN	-1.00000E+0	-1.00000E+0	-1.00000E+0
1.18670E+0	-1.00000E+0	-1.00000E+0	-1.00000E+0	-1.00000E+0	3.33138E-2	1.73200E+0	1.16000E-12	3.62748E-4	NaN	-1.00000E+0	-1.00000E+0	-1.00000E+0
1.20719E+0	-1.00000E+0	-1.00000E+0	-1.00000E+0	-1.00000E+0	3.32982E-2	1.73200E+0	1.18000E-12	3.59541E-4	NaN	-1.00000E+0	-1.00000E+0	-1.00000E+0
1.22584E+0	-1.00000E+0	-1.00000E+0	-1.00000E+0	-1.00000E+0	3.33320E-2	1.73200E+0	1.20000E-12	3.68863E-4	NaN	-1.00000E+0	-1.00000E+0	-1.00000E+0
1.24419E+0	-1.00000E+0	-1.00000E+0	-1.00000E+0	-1.00000E+0	3.32181E-2	1.73200E+0	1.22000E-12	3.69147E-4	NaN	-1.00000E+0	-1.00000E+0	-1.00000E+0
1.26179E+0	-1.00000E+0	-1.00000E+0	-1.00000E+0	-1.00000E+0	3.34101E-2	1.73200E+0	1.24000E-12	3.72762E-4	NaN	-1.00000E+0	-1.00000E+0	-1.00000E+0
1.28121E+0	-1.00000E+0	-1.00000E+0	-1.00000E+0	-1.00000E+0	3.33294E-2	1.73200E+0	1.26000E-12	3.78848E-4	NaN	-1.00000E+0	-1.00000E+0	-1.00000E+0
1.29971E+0	-1.00000E+0	-1.00000E+0	-1.00000E+0	-1.00000E+0	3.32516E-2	1.73200E+0	1.28000E-12	3.74396E-4	NaN	-1.00000E+0	-1.00000E+0	-1.00000E+0
1.31809E+0	-1.00000E+0	-1.00000E+0	-1.00000E+0	-1.00000E+0	3.30340E-2	1.73200E+0	1.30000E-12	3.83065E-4	NaN	-1.00000E+0	-1.00000E+0	-1.00000E+0
1.33581E+0	-1.00000E+0	-1.00000E+0	-1.00000E+0	-1.00000E+0	3.33501E-2	1.73200E+0	1.32000E-12	3.79684E-4	NaN	-1.00000E+0	-1.00000E+0	-1.00000E+0
1.35389E+0	-1.00000E+0	-1.00000E+0	-1.00000E+0	-1.00000E+0	3.32942E-2	1.73200E+0	1.34000E-12	3.90867E-4	NaN	-1.00000E+0	-1.00000E+0	-1.00000E+0
1.37265E+0	-1.00000E+0	-1.00000E+0	-1.00000E+0	-1.00000E+0	3.33360E-2	1.73200E+0	1.36000E-12	3.89106E-4	NaN	-1.00000E+0	-1.00000E+0	-1.00000E+0
1.39188E+0	-1.00000E+0	-1.00000E+0	-1.00000E+0	-1.00000E+0	3.33454E-2	1.73200E+0	1.38000E-12	3.93885E-4	NaN	-1.00000E+0	-1.00000E+0	-1.00000E+0
1.40950E+0	-1.00000E+0	-1.00000E+0	-1.00000E+0	-1.00000E+0	3.33237E-2	1.73200E+0	1.40000E-12	3.96032E-4	NaN	-1.00000E+0	-1.00000E+0	-1.00000E+0
1.42761E+0	-1.00000E+0	-1.00000E+0	-1.00000E+0	-1.00000E+0	3.33872E-2	1.73200E+0	1.42000E-12	3.98245E-4	NaN	-1.00000E+0	-1.00000E+0	-1.00000E+0
1.44553E+0	-1.00000E+0	-1.00000E+0	-1.00000E+0	-1.00000E+0	3.34199E-2	1.73200E+0	1.44000E-12	4.02959E-4	NaN	-1.00000E+0	-1.00000E+0	-1.00000E+0
1.46370E+0	-1.00000E+0	-1.00000E+0	-1.00000E+0	-1.00000E+0	3.32483E-2	1.73200E+0	1.46000E-12	4.02610E-4	NaN	-1.00000E+0	-1.00000E+0	-1.00000E+0
1.48163E+0	-1.00000E+0	-1.00000E+0	-1.00000E+0	-1.00000E+0	3.32498E-2	1.73200E+0	1.48000E-12	4.07466E-4	NaN	-1.00000E+0	-1.00000E+0	-1.00000E+0
1.49984E+0	-1.00000E+0	-1.00000E+0	-1.00000E+0	-1.00000E+0	3.32292E-2	1.73200E+0	1.50000E-12	4.04417E-4	NaN	-1.00000E+0	-1.00000E+0	-1.00000E+0
1.51892E+0	-1.00000E+0	-1.00000E+0	-1.00000E+0	-1.00000E+0	3.32531E-2	1.73200E+0	1.52000E-12	4.13970E-4	NaN	-1.00000E+0	-1.00000E+0	-1.00000E+0
1.53802E+0	-1.00000E+0	-1.00000E+0	-1.00000E+0	-1.00000E+0	3.31482E-2	1.73200E+0	1.54000E-12	4.11177E-4	NaN	-1.00000E+0	-1.00000E+0	-1.00000E+0
1.55606E+0	-1.00000E+0	-1.00000E+0	-1.00000E+0	-1.00000E+0	3.33278E-2	1.73200E+0	1.56000E-12	4.17859E-4	NaN	-1.00000E+0	-1.00000E+0	-1.00000E+0
1.57409E+0	-1.00000E+0	-1.00000E+0	-1.00000E+0	-1.00000E+0	3.32239E-2	1.73200E+0	1.58000E-12	4.17313E-4	NaN	-1.00000E+0	-1.00000E+0	-1.00000E+0
1.59197E+0	-1.00000E+0	-1.00000E+0	-1.00000E+0	-1.00000E+0	3.32302E-2	1.73200E+0	1.60000E-12	4.21865E-4	NaN	-1.00000E+0	-1.00000E+0	-1.00000E+0
1.60976E+0	-1.00000E+0	-1.00000E+0	-1.00000E+0	-1.00000E+0	3.33964E-2	1.73200E+0	1.62000E-12	4.20869E-4	NaN	-1.00000E+0	-1.00000E+0	-1.00000E+0
1.62829E+0	-1.00000E+0	-1.00000E+0	-1.00000E+0	-1.00000E+0	3.32907E-2	1.73200E+0	1.64000E-12	4.24710E-4	NaN	-1.00000E+0	-1.00000E+0	-1.00000E+0
1.64633E+0	-1.00000E+0	-1.00000E+0	-1.00000E+0	-1.00000E+0	3.30410E-2	1.73200E+0	1.66000E-12	4.29594E-4	NaN	-1.00000E+0	-1.00000E+0	-1.00000E+0
1.66495E+0	-1.00000E+0	-1.00000E+0	-1.00000E+0	-1.00000E+0	3.32425E-2	1.73200E+0	1.68000E-12	4.28686E-4	NaN	-1.00000E+0	-1.00000E+0	-1.00000E+0
1.68263E+0	-1.00000E+0	-1.00000E+0	-1.00000E+0	-1.00000E+0	3.33979E-2	1.73200E+0	1.70000E-12	4.35042E-4	NaN	-1.00000E+0	-1.00000E+0	-1.00000E+0
1.70163E+0	-1.00000E+0	-1.00000E+0	-1.00000E+0	-1.00000E+0	3.32612E-2	1.73200E+0	1.72000E-12	4.32730E-4	NaN	-1.00000E+0	-1.00000E+0	-1.00000E+0
1.72000E+0	-1.00000E+0	-1.00000E+0	-1.00000E+0	-1.00000E+0	3.32042E-2	1.73200E+0	1.74000E-12	4.40810E-4	NaN	-1.00000E+0	-1.00000E+0	-1.00000E+0
1.73973E+0	-1.00000E+0	-1.00000E+0	-1.00000E+0	-1.00000E+0	3.31062E-2	1.73200E+0	1.76000E-12	4.38812E-4	NaN	-1.00000E+0	-1.00000E+0	-1.00000E+0
1.75857E+0	-1.00000E+0	-1.00000E+0	-1.00000E+0	-1.00000E+0	3.31579E-2	1.73200E+0	1.78000E-12	4.41448E-4	NaN	-1.00000E+0	-1.00000E+0	-1.00000E+0
1.77637E+0	-1.00000E+0	-1.00000E+0	-1.00000E+0	-1.00000E+0	3.31254E-2	1.73200E+0	1.80000E-12	4.45873E-4	NaN	-1.00000E+0	-1.00000E+0	-1.00000E+0
1.79467E+0	-1.00000E+0	-1.00000E+0	-1.00000E+0	-1.00000E+0	3.31142E-2	1.73200E+0	1.82000E-12	4.44418E-4	NaN	-1.00000E+0	-1.00000E+0	-1.00000E+0
1.81259E+0	-1.00000E+0	-1.00000E+0	-1.00000E+0	-1.00000E+0	3.29726E-2	1.73200E+0	1.84000E-12	4.50915E-4	NaN	-1.00000E+0	-1.00000E+0	-1.00000E+0
1.83189E+0	-1.00000E+0	-1.00000E+0	-1.00000E+0	-1.00000E+0	3.31472E-2	1.73200E+0	1.86000E-12	4.48531E-4	NaN	-1.00000E+0	-1.00000E+0	-1.00000E+0
1.84972E+0	-1.00000E+0	-1.00000E+0	-1.00000E+0	-1.00000E+0	3.32638E-2	1.73200E+0	1.88000E-12	4.56157E-4	NaN	-1.00000E+0	-1.00000E+0	-1.00000E+0
1.86854E+0	-1.00000E+0	-1.00000E+0	-1.00000E+0	-1.00000E+0	3.31310E-2	1.73200E+0	1.90000E-12	4.53701E-4	NaN	-1.00000E+0	-1.00000E+0	-1.00000E+0
1.88716E+0	-1.00000E+0	-1.00000E+0	-1.00000E+0	-1.00000E+0	3.30734E-2	1.73200E+0	1.92000E-12	4.59693E-4	NaN	-1.00000E+0	-1.00000E+0	-1.00000E+0
1.90688E+0	-1.00000E+0	-1.00000E+0	-1.00000E+0	-1.00000E+0	3.30149E-2	1.73200E+0	1.94000E-12	4.63060E-4	NaN	-1.00000E+0	-1.00000E+0	-1.00000E+0
1.92578E+0	-1.00000E+0	-1.00000E+0	-1.00000E+0	-1.00000E+0	3.31264E-2	1.73200E+0	1.96000E-12	4.59946E-4	NaN	-1.00000E+0	-1.00000E+0	-1.00000E+0
1.94358E+0	-1.00000E+0	-1.00000E+0	-1.00000E+0	-1.00000E+0	3.33623E-2	1.73200E+0	1.98000E-12	4.68626E-4	NaN	-1.00000E+0	-1.00000E+0	-1.00000E+0
1.96130E+0	-1.00000E+0	-1.00000E+0	-1.00000E+0	-1.00000E+0	3.31532E-2	1.73200E+0	1.98000E-12	4.61265E-4	NaN	-1.00000E+0	-1.00000E+0	-1.00000E+0
1.97911E+0	-1.00000E+0	-1.00000E+0	-1.00000E+0	-1.00000E+0	3.32524E-2	1.73200E+0	2.00000E-12	4.70852E-4	NaN	-1.00000E+0	-1.00000E+0	-1.00000E+0
1.99713E+0	-1.00000E+0	-1.00000E+0	-1.00000E+0	-1.00000E+0	3.32894E-2	1.73200E+0	1.96000E-12	4.58988E-4	NaN	-1.00000E+0	-1.00000E+0	-1.00000E+0
2.01510E+0	-1.00000E+0	-1.00000E+0	-1.00000E+0	-1.00000E+0	3.31818E-2	1.73200E+0	1.94000E-12	4.64965E-4	NaN	-1.00000E+0	-1.00000E+0	-1.00000E+0
2.03383E+0	-1.00000E+0	-1.00000E+0	-1.00000E+0	-1.00000E+0	3.31967E-2	1.73200E+0	1.92000E-12	4.56148E-4	NaN	-1.00000E+0	-1.00000E+0	-1.00000E+0
2.05353E+0	-1.00000E+0	-1.00000E+0	-1.00000E+0	-1.00000E+0	3.30973E-2	1.73200E+0	1.90000E-12	4.54888E-4	NaN	-1.00000E+0	-1.00000E+0	-1.00000E+0
2.07202E+0	-1.00000E+0	-1.00000E+0	-1.00000E+0	-1.00000E+0	3.30892E-2	1.73200E+0	1.88000E-12	4.56041E-4	NaN	-1.00000E+0	-1.00000E+0	-1.00000E+0
2.09215E+0	-1.00000E+0	-1.00000E+0	-1.00000E+0	-1.00000E+0	3.32109E-2	1.73200E+0	1.86000E-12	4.48099E-4	NaN	-1.00000E+0	-1.00000E+0	-1.00000E+0
2.10974E+0	-1.00000E+0	-1.00000E+0	-1.00000E+0	-1.00000E+0	3.30753E-2	1.73200E+0	1.84000E-12	4.53033E-4	NaN	-1.00000E+0	-1.00000E+0	-1.00000E+0
2.13024E+0	-1.00000E+0	-1.00000E+0	-1.00000E+0	-1.00000E+0	3.31038E-2	1.73200E+0	1.82000E-12	4.48611E-4	NaN	-1.00000E+0	-1.00000E+0	-1.00000E+0
2.14794E+0	-1.00000E+0	-1.00000E+0	-1.00000E+0	-1.00000E+0	3.31556E-2	1.73200E+0	1.80000E-12	4.44420E-4	NaN	-1.00000E+0	-1.00000E+0	-1.00000E+0
2.16754E+0	-1.00000E+0	-1.00000E+0	-1.00000E+0	-1.00000E+0	3.31955E-2	1.73200E+0	1.78000E-12	4.46377E-4	NaN	-1.00000E+0	-1.00000E+0	-1.00000E+0
2.18674E+0	-1.00000E+0	-1.00000E+0	-1.00000E+0	-1.00000E+0	3.30734E-2	1.73200E+0	1.76000E-12	4.36705E-4	NaN	-1.00000E+0	-1.00000E+0	-1.00000E+0
2.20449E+0	-1.00000E+0	-1.00000E+0	-1.00000E+0	-1.00000E+0	3.32170E-2	1.73200E+0	1.74000E-12	4.41034E-4	NaN	-1.00000E+0	-1.00000E+0	-1.00000E+0
2.22269E+0	-1.00000E+0	-1.00000E+0	-1.00000E+0	-1.00000E+0	3.31869E-2	1.73200E+0	1.72000E-12	4.32251E-4	NaN	-1.00000E+0	-1.00000E+0	-1.00000E+0
2.24154E+0	-1.00000E+0	-1.00000E+0	-1.00000E+0	-1.00000E+0	3.31240E-2	1.73200E+0	1.70000E-12	4.33761E-4	NaN	-1.00000E+0	-1.00000E+0	-1.00000E+0
2.26041E+0	-1.00000E+0	-1.00000E+0	-1.00000E+0	-1.00000E+0	3.30110E-2	1.73200E+0	1.68000E-12	4.32447E-4	NaN	-1.00000E+0	-1.00000E+0	-1.00000E+0
2.27831E+0	-1.00000E+0	-1.00000E+0	-1.00000E+0	-1.00000E+0	3.32279E-2	1.73200E+0	1.66000E-12	4.27892E-4	NaN	-1.00000E+0	-1.00000E+0	-1.00000E+0
2.29698E+0	-1.00000E+0	-1.00000E+0	-1.00000E+0	-1.00000E+0	3.30526E-2	1.73200E+0	1.64000E-12	4.28841E-4	NaN	-1.00000E+0	-1.00000E+0	-1.00000E+0
2.31493E+0	-1.00000E+0	-1.00000E+0	-1.00000E+0	-1.00000E+0	3.31299E-2	1.73200E+0	1.62000E-12	4.22034E-4	NaN	-1.00000E+0	-1.00000E+0	-1.00000E+0
2.33442E+0	-1.00000E+0	-1.00000E+0	-1.00000E+0	-1.00000E+0	3.29926E-2	1.73200E+0	1.60000E-12	4.23558E-4	NaN	-1.00000E+0	-1.00000E+0	-1.00000E+0
2.35355E+0	-1.00000E+0	-1.00000E+0	-1.00000E+0	-1.00000E+0	3.30424E-2	1.73200E+0	1.58000E-12	4.17880E-4	NaN	-1.00000E+0	-1.00000E+0	-1.00000E+0
2.37240E+0	-1.00000E+0	-1.00000E+0	-1.00000E+0	-1.00000E+0	3.30340E-2	1.73200E+0	1.56000E-12	4.16095E-4	NaN	-1.00000E+0	-1.00000E+0	-1.00000E+0
2.39104E+0	-1.00000E+0	-1.00000E+0	-1.00000E+0	-1.00000E+0	3.30535E-2	1.73200E+0	1.54000E-12	4.18185E-4	NaN	-1.00000E+0	-1.00000E+0	-1.00000E+0
2.40930E+0	-1.00000E+0	-1.00000E+0	-1.00000E+0	-1.00000E+0	3.31319E-2	1.73200E+0	1.52000E-12	4.10436E-4	NaN	-1.00000E+0	-1.00000E+0	-1.00000E+0
2.42881E+0	-1.00000E+0	-1.00000E+0	-1.00000E+0	-1.00000E+0	3.29875E-2	1.73200E+0	1.50000E-12	4.12786E-4	NaN	-1.00000E+0	-1.00000E+0	-1.00000E+0
2.44664E+0	-1.00000E+0	-1.00000E+0	-1.00000E+0	-1.00000E+0	3.30626E-2	1.73200E+0	1.48000E-12	4.03278E-4	NaN	-1.00000E+0	-1.00000E+0	-1.00000E+0
2.46579E+0	-1.00000E+0	-1.00000E+0	-1.00000E+0	-1.00000E+0	3.30234E-2	1.73200E+0	1.46000E-12	4.04900E-4	NaN	-1.00000E+0	-1.00000E+0	-1.00000E+0
2.48489E+0	-1.00000E+0	-1.00000E+0	-1.00000E+0	-1.00000E+0	3.30280E-2	1.73200E+0	1.44000E-12	4.03825E-4	NaN	-1.00000E+0	-1.00000E+0	-1.00000E+0
2.50433E+0	-1.00000E+0	-1.00000E+0	-1.00000E+0	-1.00000E+0	3.31393E-2	1.73200E+0	1.42000E-12	3.96927E-4	NaN	-1.00000E+0	-1.00000E+0	-1.00000E+0
2.52371E+0	-1.00000E+0	-1.00000E+0	-1.00000E+0	-1.00000E+0	3.30665E-2	1.73200E+0	1.40000E-12	3.99497E-4	NaN	-1.00000E+0	-1.00000E+0	-1.00000E+0
2.54153E+0	-1.00000E+0	-1.00000E+0	-1.00000E+0	-1.00000E+0	3.29361E-2	1.73200E+0	1.38000E-12	3.90216E-4	NaN	-1.00000E+0	-1.00000E+0	-1.00000E+0
2.56020E+0	-1.00000E+0	-1.00000E+0	-1.00000E+0	-1.00000E+0	3.30878E-2	1.73200E+0	1.36000E-12	3.90952E-4	NaN	-1.00000E+0	-1.00000E+0	-1.00000E+0
2.57820E+0	-1.00000E+0	-1.00000E+0	-1.00000E+0	-1.00000E+0	3.31442E-2	1.73200E+0	1.34000E-12	3.88339E-4	NaN	-1.00000E+0	-1.00000E+0	-1.00000E+0
2.59625E+0	-1.00000E+0	-1.00000E+0	-1.00000E+0	-1.00000E+0	3.30432E-2	1.73200E+0	1.32000E-12	3.84006E-4	NaN	-1.00000E+0	-1.00000E+0	-1.00000E+0
2.61402E+0	-1.00000E+0	-1.00000E+0	-1.00000E+0	-1.00000E+0	3.30440E-2	1.73200E+0	1.30000E-12	3.81071E-4	NaN	-1.00000E+0	-1.00000E+0	-1.00000E+0
2.63272E+0	-1.00000E+0	-1.00000E+0	-1.00000E+0	-1.00000E+0	3.29709E-2	1.73200E+0	1.28000E-12	3.77170E-4	NaN	-1.00000E+0	-1.00000E+0	-1.00000E+0
2.65359E+0	-1.00000E+0	-1.00000E+0	-1.00000E+0	-1.00000E+0	3.29876E-2	1.73200E+0	1.26000E-12	3.79432E-4	NaN	-1.00000E+0	-1.00000E+0	-1.00000E+0
2.67219E+0	-1.00000E+0	-1.00000E+0	-1.00000E+0	-1.00000E+0	3.29892E-2	1.73200E+0	1.24000E-12	3.69134E-4	NaN	-1.00000E+0	-1.00000E+0	-1.00000E+0
2.69057E+0	-1.00000E+0	-1.00000E+0	-1.00000E+0	-1.00000E+0	3.31576E-2	1.73200E+0	1.22000E-12	3.67215E-4	NaN	-1.00000E+0	-1.00000E+0	-1.00000E+0
2.70847E+0	-1.00000E+0	-1.00000E+0	-1.00000E+0	-1.00000E+0	3.30339E-2	1.73200E+0	1.20000E-12	3.67494E-4	NaN	-1.00000E+0	-1.00000E+0	-1.00000E+0
2.72676E+0	-1.00000E+0	-1.00000E+0	-1.00000E+0	-1.00000E+0	3.30089E-2	1.73200E+0	1.18000E-12	3.64575E-4	NaN	-1.00000E+0	-1.00000E+0	-1.00000E+0
2.74569E+0	-1.00000E+0	-1.00000E+0	-1.00000E+0	-1.00000E+0	3.30043E-2	1.73200E+0	1.16000E-12	3.64097E-4	NaN	-1.00000E+0	-1.00000E+0	-1.00000E+0
2.76396E+0	-1.00000E+0	-1.00000E+0	-1.00000E+0	-1.00000E+0	3.28894E-2	1.73200E+0	1.14000E-12	3.57654E-4	NaN	-1.00000E+0	-1.00000E+0	-1.00000E+0
2.78181E+0	-1.00000E+0	-1.00000E+0	-1.00000E+0	-1.00000E+0	3.29929E-2	1.73200E+0	1.12000E-12	3.60331E-4	NaN	-1.00000E+0	-1.00000E+0	-1.00000E+0
2.80079E+0	-1.00000E+0	-1.00000E+0	-1.00000E+0	-1.00000E+0	3.28571E-2	1.73200E+0	1.10000E-12	3.51649E-4	NaN	-1.00000E+0	-1.00000E+0	-1.00000E+0
2.81936E+0	-1.00000E+0	-1.00000E+0	-1.00000E+0	-1.00000E+0	3.30116E-2	1.73200E+0	1.08000E-12	3.54127E-4	NaN	-1.00000E+0	-1.00000E+0	-1.00000E+0
2.83761E+0	-1.00000E+0	-1.00000E+0	-1.00000E+0	-1.00000E+0	3.30804E-2	1.73200E+0	1.06000E-12	3.47951E-4	NaN	-1.00000E+0	-1.00000E+0	-1.00000E+0
2.85646E+0	-1.00000E+0	-1.00000E+0	-1.00000E+0	-1.00000E+0	3.30285E-2	1.73200E+0	1.04000E-12	3.45138E-4	NaN	-1.00000E+0	-1.00000E+0	-1.00000E+0
2.87483E+0	-1.00000E+0	-1.00000E+0	-1.00000E+0	-1.00000E+0	3.30722E-2	1.73200E+0	1.02000E-12	3.46947E-4	NaN	-1.00000E+0	-1.00000E+0	-1.00000E+0
2.89352E+0	-1.00000E+0	-1.00000E+0	-1.00000E+0	-1.00000E+0	3.30293E-2	1.73200E+0	1.00000E-12	3.38930E-4	NaN	-1.00000E+0	-1.00000E+0	-1.00000E+0
2.91268E+0	-1.00000E+0	-1.00000E+0	-1.00000E+0	-1.00000E+0	3.29177E-2	1.73200E+0	9.80000E-13	3.43313E-4	NaN	-1.00000E+0	-1.00000E+0	-1.00000E+0
2.93075E+0	-1.00000E+0	-1.00000E+0	-1.00000E+0	-1.00000E+0	3.30188E-2	1.73200E+0	9.60000E-13	3.37082E-4	NaN	-1.00000E+0	-1.00000E+0	-1.00000E+0
2.94825E+0	-1.00000E+0	-1.00000E+0	-1.00000E+0	-1.00000E+0	3.29336E-2	1.73200E+0	9.40000E-13	3.39278E-4	NaN	-1.00000E+0	-1.00000E+0	-1.00000E+0
2.96774E+0	-1.00000E+0	-1.00000E+0	-1.00000E+0	-1.00000E+0	3.29418E-2	1.73200E+0	9.20000E-13	3.33158E-4	NaN	-1.00000E+0	-1.00000E+0	-1.00000E+0
2.98625E+0	-1.00000E+0	-1.00000E+0	-1.00000E+0	-1.00000E+0	3.30485E-2	1.73200E+0	9.00000E-13	3.30195E-4	NaN	-1.00000E+0	-1.00000E+0	-1.00000E+0
3.00552E+0	-1.00000E+0	-1.00000E+0	-1.00000E+0	-1.00000E+0	3.30935E-2	1.73200E+0	8.80000E-13	3.31554E-4	NaN	-1.00000E+0	-1.00000E+0	-1.00000E+0
3.02401E+0	-1.00000E+0	-1.00000E+0	-1.00000E+0	-1.00000E+0	3.29081E-2	1.73200E+0	8.60000E-13	3.23533E-4	NaN	-1.00000E+0	-1.00000E+0	-1.00000E+0
3.04182E+0	-1.00000E+0	-1.00000E+0	-1.00000E+0	-1.00000E+0	3.29643E-2	1.73200E+0	8.40000E-13	3.28194E-4	NaN	-1.00000E+0	-1.00000E+0	-1.00000E+0
3.06228E+0	-1.00000E+0	-1.00000E+0	-1.00000E+0	-1.00000E+0	3.29163E-2	1.73200E+0	8.20000E-13	3.22135E-4	NaN	-1.00000E+0	-1.00000E+0	-1.00000E+0
3.07999E+0	-1.00000E+0	-1.00000E+0	-1.00000E+0	-1.00000E+0	3.30889E-2	1.73200E+0	8.00000E-13	3.19697E-4	NaN	-1.00000E+0	-1.00000E+0	-1.00000E+0
3.09871E+0	-1.00000E+0	-1.00000E+0	-1.00000E+0	-1.00000E+0	3.29881E-2	1.73200E+0	7.80000E-13	3.16865E-4	NaN	-1.00000E+0	-1.00000E+0	-1.00000E+0
3.11654E+0	-1.00000E+0	-1.00000E+0	-1.00000E+0	-1.00000E+0	3.29735E-2	1.73200E+0	7.60000E-13	3.12783E-4	NaN	-1.00000E+0	-1.00000E+0	-1.00000E+0
3.13506E+0	-1.00000E+0	-1.00000E+0	-1.00000E+0	-1.00000E+0	3.31034E-2	1.73200E+0	7.40000E-13	3.14055E-4	NaN	-1.00000E+0	-1.00000E+0	-1.00000E+0
3.15440E+0	-1.00000E+0	-1.00000E+0	-1.00000E+0	-1.00000E+0	3.30051E-2	1.73200E+0	7.20000E-13	3.04981E-4	NaN	-1.00000E+0	-1.00000E+0	-1.00000E+0
3.17215E+0	-1.00000E+0	-1.00000E+0	-1.00000E+0	-1.00000E+0	3.30041E-2	1.73200E+0	7.00000E-13	3.08995E-4	NaN	-1.00000E+0	-1.00000E+0	-1.00000E+0
3.18990E+0	-1.00000E+0	-1.00000E+0	-1.00000E+0	-1.00000E+0	3.30262E-2	1.73200E+0	6.80000E-13	3.01581E-4	NaN	-1.00000E+0	-1.00000E+0	-1.00000E+0
3.20910E+0	-1.00000E+0	-1.00000E+0	-1.00000E+0	-1.00000E+0	3.30685E-2	1.73200E+0	6.60000E-13	3.04686E-4	NaN	-1.00000E+0	-1.00000E+0	-1.00000E+0
3.22758E+0	-1.00000E+0	-1.00000E+0	-1.00000E+0	-1.00000E+0	3.28993E-2	1.73200E+0	6.40000E-13	3.00285E-4	NaN	-1.00000E+0	-1.00000E+0	-1.00000E+0
3.24552E+0	-1.00000E+0	-1.00000E+0	-1.00000E+0	-1.00000E+0	3.29592E-2	1.73200E+0	6.20000E-13	2.97958E-4	NaN	-1.00000E+0	-1.00000E+0	-1.00000E+0
3.26322E+0	-1.00000E+0	-1.00000E+0	-1.00000E+0	-1.00000E+0	3.29391E-2	1.73200E+0	6.00000E-13	2.95307E-4	NaN	-1.00000E+0	-1.00000E+0	-1.00000E+0
3.28185E+0	-1.00000E+0	-1.00000E+0	-1.00000E+0	-1.00000E+0	3.29528E-2	1.73200E+0	5.80000E-13	2.90756E-4	NaN	-1.00000E+0	-1.00000E+0	-1.00000E+0
3.29964E+0	-1.00000E+0	-1.00000E+0	-1.00000E+0	-1.00000E+0	3.29738E-2	1.73200E+0	5.60000E-13	2.91865E-4	NaN	-1.00000E+0	-1.00000E+0	-1.00000E+0
3.31877E+0	-1.00000E+0	-1.00000E+0	-1.00000E+0	-1.00000E+0	3.29106E-2	1.73200E+0	5.40000E-13	2.83919E-4	NaN	-1.00000E+0	-1.00000E+0	-1.00000E+0
3.33841E+0	-1.00000E+0	-1.00000E+0	-1.00000E+0	-1.00000E+0	3.29554E-2	1.73200E+0	5.20000E-13	2.87307E-4	NaN	-1.00000E+0	-1.00000E+0	-1.00000E+0
3.35676E+0	-1.00000E+0	-1.00000E+0	-1.00000E+0	-1.00000E+0	3.29281E-2	1.73200E+0	5.00000E-13	2.80574E-4	NaN	-1.00000E+0	-1.00000E+0	-1.00000E+0
3.37446E+0	-1.00000E+0	-1.00000E+0	-1.00000E+0	-1.00000E+0	3.29549E-2	1.73200E+0	4.80000E-13	2.81864E-4	NaN	-1.00000E+0	-1.00000E+0	-1.00000E+0
3.39286E+0	-1.00000E+0	-1.00000E+0	-1.00000E+0	-1.00000E+0	3.29770E-2	1.73200E+0	4.60000E-13	2.75415E-4	NaN	-1.00000E+0	-1.00000E+0	-1.00000E+0
3.41131E+0	-1.00000E+0	-1.00000E+0	-1.00000E+0	-1.00000E+0	3.30582E-2	1.73200E+0	4.40000E-13	2.74683E-4	NaN	-1.00000E+0	-1.00000E+0	-1.00000E+0
3.42948E+0	-1.00000E+0	-1.00000E+0	-1.00000E+0	-1.00000E+0	3.30321E-2	1.73200E+0	4.20000E-13	2.73413E-4	NaN	-1.00000E+0	-1.00000E+0	-1.00000E+0
3.44725E+0	-1.00000E+0	-1.00000E+0	-1.00000E+0	-1.00000E+0	3.31092E-2	1.73200E+0	4.00000E-13	2.68319E-4	NaN	-1.00000E+0	-1.00000E+0	-1.00000E+0
3.46495E+0	-1.00000E+0	-1.00000E+0	-1.00000E+0	-1.00000E+0	3.31771E-2	1.73200E+0	3.80000E-13	2.68167E-4	NaN	-1.00000E+0	-1.00000E+0	-1.00000E+0
3.48313E+0	-1.00000E+0	-1.00000E+0	-1.00000E+0	-1.00000E+0	3.28756E-2	1.73200E+0	3.60000E-13	2.61219E-4	NaN	-1.00000E+0	-1.00000E+0	-1.00000E+0
3.50107E+0	-1.00000E+0	-1.00000E+0	-1.00000E+0	-1.00000E+0	3.30562E-2	1.73200E+0	3.40000E-13	2.61344E-4	NaN	-1.00000E+0	-1.00000E+0	-1.00000E+0
3.52058E+0	-1.00000E+0	-1.00000E+0	-1.00000E+0	-1.00000E+0	3.30127E-2	1.73200E+0	3.20000E-13	2.52578E-4	NaN	-1.00000E+0	-1.00000E+0	-1.00000E+0
3.53904E+0	-1.00000E+0	-1.00000E+0	-1.00000E+0	-1.00000E+0	3.30902E-2	1.73200E+0	3.00000E-13	2.56560E-4	NaN	-1.00000E+0	-1.00000E+0	-1.00000E+0
3.55762E+0	-1.00000E+0	-1.00000E+0	-1.00000E+0	-1.00000E+0	3.30684E-2	1.73200E+0	2.80000E-13	2.59893E-4	NaN	-1.00000E+0	-1.00000E+0	-1.00000E+0
3.57532E+0	-1.00000E+0	-1.00000E+0	-1.00000E+0	-1.00000E+0	3.31527E-2	1.73200E+0	2.60000E-13	2.49204E-4	NaN	-1.00000E+0	-1.00000E+0	-1.00000E+0
3.59494E+0	-1.00000E+0	-1.00000E+0	-1.00000E+0	-1.00000E+0	3.29437E-2	1.73200E+0	2.40000E-13	2.48324E-4	NaN	-1.00000E+0	-1.00000E+0	-1.00000E+0
3.61346E+0	-1.00000E+0	-1.00000E+0	-1.00000E+0	-1.00000E+0	3.30824E-2	1.73200E+0	2.20000E-13	2.39471E-4	NaN	-1.00000E+0	-1.00000E+0	-1.00000E+0
3.63206E+0	-1.00000E+0	-1.00000E+0	-1.00000E+0	-1.00000E+0	3.28966E-2	1.73200E+0	2.00000E-13	2.42896E-4	NaN	-1.00000E+0	-1.00000E+0	-1.00000E+0
3.65084E+0	-1.00000E+0	-1.00000E+0	-1.00000E+0	-1.00000E+0	3.29556E-2	1.73200E+0	1.80000E-13	2.33483E-4	NaN	-1.00000E+0	-1.00000E+0	-1.00000E+0
3.66868E+0	-1.00000E+0	-1.00000E+0	-1.00000E+0	-1.00000E+0	3.28879E-2	1.73200E+0	1.60000E-13	2.36550E-4	NaN	-1.00000E+0	-1.00000E+0	-1.00000E+0
3.68713E+0	-1.00000E+0	-1.00000E+0	-1.00000E+0	-1.00000E+0	3.30485E-2	1.73200E+0	1.40000E-13	2.29327E-4	NaN	-1.00000E+0	-1.00000E+0	-1.00000E+0
3.70491E+0	-1.00000E+0	-1.00000E+0	-1.00000E+0	-1.00000E+0	3.30301E-2	1.73200E+0	1.20000E-13	2.30946E-4	NaN	-1.00000E+0	-1.00000E+0	-1.00000E+0
3.72338E+0	-1.00000E+0	-1.00000E+0	-1.00000E+0	-1.00000E+0	3.29366E-2	1.73200E+0	1.00000E-13	2.26346E-4	NaN	-1.00000E+0	-1.00000E+0	-1.00000E+0
3.74145E+0	-1.00000E+0	-1.00000E+0	-1.00000E+0	-1.00000E+0	3.29688E-2	1.73200E+0	8.00000E-14	2.23652E-4	NaN	-1.00000E+0	-1.00000E+0	-1.00000E+0
3.76005E+0	-1.00000E+0	-1.00000E+0	-1.00000E+0	-1.00000E+0	3.30179E-2	1.73200E+0	6.00000E-14	2.22495E-4	NaN	-1.00000E+0	-1.00000E+0	-1.00000E+0
3.77782E+0	-1.00000E+0	-1.00000E+0	-1.00000E+0	-1.00000E+0	3.29915E-2	1.73200E+0	4.00000E-14	2.16784E-4	NaN	-1.00000E+0	-1.00000E+0	-1.00000E+0
3.79587E+0	-1.00000E+0	-1.00000E+0	-1.00000E+0	-1.00000E+0	3.30199E-2	1.73200E+0	2.00000E-14	2.17623E-4	NaN	-1.00000E+0	-1.00000E+0	-1.00000E+0
3.81340E+0	-1.00000E+0	-1.00000E+0	-1.00000E+0	-1.00000E+0	3.29667E-2	1.73200E+0	0.00000E+0	2.10067E-4	NaN	-1.00000E+0	-1.00000E+0	-1.00000E+0
3.83304E+0	-1.00000E+0	-1.00000E+0	-1.00000E+0	-1.00000E+0	3.30953E-2	1.73200E+0	-2.00000E-14	2.12124E-4	NaN	-1.00000E+0	-1.00000E+0	-1.00000E+0
3.85154E+0	-1.00000E+0	-1.00000E+0	-1.00000E+0	-1.00000E+0	3.31019E-2	1.73200E+0	-4.00000E-14	2.01777E-4	NaN	-1.00000E+0	-1.00000E+0	-1.00000E+0
3.86974E+0	-1.00000E+0	-1.00000E+0	-1.00000E+0	-1.00000E+0	3.31038E-2	1.73200E+0	-6.00000E-14	2.06228E-4	NaN	-1.00000E+0	-1.00000E+0	-1.00000E+0
3.88836E+0	-1.00000E+0	-1.00000E+0	-1.00000E+0	-1.00000E+0	3.29878E-2	1.73200E+0	-8.00000E-14	1.98230E-4	NaN	-1.00000E+0	-1.00000E+0	-1.00000E+0
3.90696E+0	-1.00000E+0	-1.00000E+0	-1.00000E+0	-1.00000E+0	3.29654E-2	1.73200E+0	-1.00000E-13	1.96056E-4	NaN	-1.00000E+0	-1.00000E+0	-1.00000E+0
3.92569E+0	-1.00000E+0	-1.00000E+0	-1.00000E+0	-1.00000E+0	3.30118E-2	1.73200E+0	-1.20000E-13	1.95616E-4	NaN	-1.00000E+0	-1.00000E+0	-1.00000E+0
3.94359E+0	-1.00000E+0	-1.00000E+0	-1.00000E+0	-1.00000E+0	3.29913E-2	1.73200E+0	-1.40000E-13	1.86582E-4	NaN	-1.00000E+0	-1.00000E+0	-1.00000E+0
3.96281E+0	-1.00000E+0	-1.00000E+0	-1.00000E+0	-1.00000E+0	3.29441E-2	1.73200E+0	-1.60000E-13	1.89338E-4	NaN	-1.00000E+0	-1.00000E+0	-1.00000E+0
3.98064E+0	-1.00000E+0	-1.00000E+0	-1.00000E+0	-1.00000E+0	3.31092E-2	1.73200E+0	-1.80000E-13	1.77156E-4	NaN	-1.00000E+0	-1.00000E+0	-1.00000E+0
3.99846E+0	-1.00000E+0	-1.00000E+0	-1.00000E+0	-1.00000E+0	3.32425E-2	1.73200E+0	-2.00000E-13	1.82011E-4	NaN	-1.00000E+0	-1.00000E+0	-1.00000E+0
4.01621E+0	-1.00000E+0	-1.00000E+0	-1.00000E+0	-1.00000E+0	3.31383E-2	1.73200E+0	-2.20000E-13	1.68661E-4	NaN	-1.00000E+0	-1.00000E+0	-1.00000E+0
4.03531E+0	-1.00000E+0	-1.00000E+0	-1.00000E+0	-1.00000E+0	3.28738E-2	1.73200E+0	-2.40000E-13	1.71412E-4	NaN	-1.00000E+0	-1.00000E+0	-1.00000E+0
4.05372E+0	-1.00000E+0	-1.00000E+0	-1.00000E+0	-1.00000E+0	3.30691E-2	1.73200E+0	-2.60000E-13	1.60515E-4	NaN	-1.00000E+0	-1.00000E+0	-1.00000E+0
4.07168E+0	-1.00000E+0	-1.00000E+0	-1.00000E+0	-1.00000E+0	3.29666E-2	1.73200E+0	-2.80000E-13	1.58275E-4	NaN	-1.00000E+0	-1.00000E+0	-1.00000E+0
4.09030E+0	-1.00000E+0	-1.00000E+0	-1.00000E+0	-1.00000E+0	3.30601E-2	1.73200E+0	-3.00000E-13	1.53055E-4	NaN	-1.00000E+0	-1.00000E+0	-1.00000E+0
4.10807E+0	-1.00000E+0	-1.00000E+0	-1.00000E+0	-1.00000E+0	3.29312E-2	1.73200E+0	-3.20000E-13	1.44605E-4	NaN	-1.00000E+0	-1.00000E+0	-1.00000E+0
4.12692E+0	-1.00000E+0	-1.00000E+0	-1.00000E+0	-1.00000E+0	3.29711E-2	1.73200E+0	-3.40000E-13	1.40484E-4	NaN	-1.00000E+0	-1.00000E+0	-1.00000E+0
4.14477E+0	-1.00000E+0	-1.00000E+0	-1.00000E+0	-1.00000E+0	3.31762E-2	1.73200E+0	-3.60000E-13	1.29477E-4	NaN	-1.00000E+0	-1.00000E+0	-1.00000E+0
4.16319E+0	-1.00000E+0	-1.00000E+0	-1.00000E+0	-1.00000E+0	3.30801E-2	1.73200E+0	-3.80000E-13	1.26813E-4	NaN	-1.00000E+0	-1.00000E+0	-1.00000E+0
4.18099E+0	-1.00000E+0	-1.00000E+0	-1.00000E+0	-1.00000E+0	3.31918E-2	1.73200E+0	-4.00000E-13	1.07107E-4	NaN	-1.00000E+0	-1.00000E+0	-1.00000E+0
4.19954E+0	-1.00000E+0	-1.00000E+0	-1.00000E+0	-1.00000E+0	3.30980E-2	1.73200E+0	-4.20000E-13	1.03452E-4	NaN	-1.00000E+0	-1.00000E+0	-1.00000E+0
4.21839E+0	-1.00000E+0	-1.00000E+0	-1.00000E+0	-1.00000E+0	3.31090E-2	1.73200E+0	-4.40000E-13	8.31085E-5	NaN	-1.00000E+0	-1.00000E+0	-1.00000E+0
4.23676E+0	-1.00000E+0	-1.00000E+0	-1.00000E+0	-1.00000E+0	3.31172E-2	1.73200E+0	-4.60000E-13	7.79714E-5	NaN	-1.00000E+0	-1.00000E+0	-1.00000E+0
4.25506E+0	-1.00000E+0	-1.00000E+0	-1.00000E+0	-1.00000E+0	3.31075E-2	1.73200E+0	-4.80000E-13	5.43791E-5	NaN	-1.00000E+0	-1.00000E+0	-1.00000E+0
4.27338E+0	-1.00000E+0	-1.00000E+0	-1.00000E+0	-1.00000E+0	3.32085E-2	1.73200E+0	-5.00000E-13	4.15703E-5	NaN	-1.00000E+0	-1.00000E+0	-1.00000E+0
4.29143E+0	-1.00000E+0	-1.00000E+0	-1.00000E+0	-1.00000E+0	3.32113E-2	1.73200E+0	-5.20000E-13	2.33218E-5	NaN	-1.00000E+0	-1.00000E+0	-1.00000E+0
4.30925E+0	-1.00000E+0	-1.00000E+0	-1.00000E+0	-1.00000E+0	3.32100E-2	1.73200E+0	-5.40000E-13	1.01574E-5	NaN	-1.00000E+0	-1.00000E+0	-1.00000E+0
4.32881E+0	-1.00000E+0	-1.00000E+0	-1.00000E+0	-1.00000E+0	3.31843E-2	1.73200E+0	-5.60000E-13	-2.12531E-6	NaN	-1.00000E+0	-1.00000E+0	-1.00000E+0
4.34667E+0	-1.00000E+0	-1.00000E+0	-1.00000E+0	-1.00000E+0	3.30900E-2	1.73200E+0	-5.80000E-13	-2.52350E-5	NaN	-1.00000E+0	-1.00000E+0	-1.00000E+0
4.36495E+0	-1.00000E+0	-1.00000E+0	-1.00000E+0	-1.00000E+0	3.33110E-2	1.73200E+0	-6.00000E-13	-3.19017E-5	NaN	-1.00000E+0	-1.00000E+0	-1.00000E+0
4.38292E+0	-1.00000E+0	-1.00000E+0	-1.00000E+0	-1.00000E+0	3.31160E-2	1.73200E+0	-6.20000E-13	-5.41514E-5	NaN	-1.00000E+0	-1.00000E+0	-1.00000E+0
4.40202E+0	-1.00000E+0	-1.00000E+0	-1.00000E+0	-1.00000E+0	3.31684E-2	1.73200E+0	-6.40000E-13	-5.86722E-5	NaN	-1.00000E+0	-1.00000E+0	-1.00000E+0
4.42167E+0	-1.00000E+0	-1.00000E+0	-1.00000E+0	-1.00000E+0	3.31557E-2	1.73200E+0	-6.60000E-13	-7.19814E-5	NaN	-1.00000E+0	-1.00000E+0	-1.00000E+0
4.44040E+0	-1.00000E+0	-1.00000E+0	-1.00000E+0	-1.00000E+0	3.33356E-2	1.73200E+0	-6.80000E-13	-8.46926E-5	NaN	-1.00000E+0	-1.00000E+0	-1.00000E+0
4.45899E+0	-1.00000E+0	-1.00000E+0	-1.00000E+0	-1.00000E+0	3.31214E-2	1.73200E+0	-7.00000E-13	-8.58826E-5	NaN	-1.00000E+0	-1.00000E+0	-1.00000E+0
4.47699E+0	-1.00000E+0	-1.00000E+0	-1.00000E+0	-1.00000E+0	3.31888E-2	1.73200E+0	-7.20000E-13	-9.99337E-5	NaN	-1.00000E+0	-1.00000E+0	-1.00000E+0
4.49556E+0	-1.00000E+0	-1.00000E+0	-1.00000E+0	-1.00000E+0	3.30780E-2	1.73200E+0	-7.40000E-13	-9.97387E-5	NaN	-1.00000E+0	-1.00000E+0	-1.00000E+0
4.51317E+0	-1.00000E+0	-1.00000E+0	-1.00000E+0	-1.00000E+0	3.32012E-2	1.73200E+0	-7.60000E-13	-1.11074E-4	NaN	-1.00000E+0	-1.00000E+0	-1.00000E+0
4.53164E+0	-1.00000E+0	-1.00000E+0	-1.00000E+0	-1.00000E+0	3.32002E-2	1.73200E+0	-7.80000E-13	-1.11546E-4	NaN	-1.00000E+0	-1.00000E+0	-1.00000E+0
4.54949E+0	-1.00000E+0	-1.00000E+0	-1.00000E+0	-1.00000E+0	3.30095E-2	1.73200E+0	-8.00000E-13	-1.20357E-4	NaN	-1.00000E+0	-1.00000E+0	-1.00000E+0
4.56754E+0	-1.00000E+0	-1.00000E+0	-1.00000E+0	-1.00000E+0	3.33051E-2	1.73200E+0	-8.20000E-13	-1.22454E-4	NaN	-1.00000E+0	-1.00000E+0	-1.00000E+0
4.58530E+0	-1.00000E+0	-1.00000E+0	-1.00000E+0	-1.00000E+0	3.31691E-2	1.73200E+0	-8.40000E-13	-1.26434E-4	NaN	-1.00000E+0	-1.00000E+0	-1.00000E+0
4.60316E+0	-1.00000E+0	-1.00000E+0	-1.00000E+0	-1.00000E+0	3.32420E-2	1.73200E+0	-8.60000E-13	-1.29273E-4	NaN	-1.00000E+0	-1.00000E+0	-1.00000E+0
4.62161E+0	-1.00000E+0	-1.00000E+0	-1.00000E+0	-1.00000E+0	3.30880E-2	1.73200E+0	-8.80000E-13	-1.31806E-4	NaN	-1.00000E+0	-1.00000E+0	-1.00000E+0
4.63938E+0	-1.00000E+0	-1.00000E+0	-1.00000E+0	-1.00000E+0	3.30439E-2	1.73200E+0	-9.00000E-13	-1.37231E-4	NaN	-1.00000E+0	-1.00000E+0	-1.00000E+0
4.65857E+0	-1.00000E+0	-1.00000E+0	-1.00000E+0	-1.00000E+0	3.32168E-2	1.73200E+0	-9.20000E-13	-1.37185E-4	NaN	-1.00000E+0	-1.00000E+0	-1.00000E+0
4.67637E+0	-1.00000E+0	-1.00000E+0	-1.00000E+0	-1.00000E+0	3.33506E-2	1.73200E+0	-9.40000E-13	-1.47201E-4	NaN	-1.00000E+0	-1.00000E+0	-1.00000E+0
4.69412E+0	-1.00000E+0	-1.00000E+0	-1.00000E+0	-1.00000E+0	3.33143E-2	1.73200E+0	-9.60000E-13	-1.43207E-4	NaN	-1.00000E+0	-1.00000E+0	-1.00000E+0
4.71225E+0	-1.00000E+0	-1.00000E+0	-1.00000E+0	-1.00000E+0	3.31989E-2	1.73200E+0	-9.80000E-13	-1.53268E-4	NaN	-1.00000E+0	-1.00000E+0	-1.00000E+0
4.73004E+0	-1.00000E+0	-1.00000E+0	-1.00000E+0	-1.00000E+0	3.32296E-2	1.73200E+0	-1.00000E-12	-1.50332E-4	NaN	-1.00000E+0	-1.00000E+0	-1.00000E+0
4.74785E+0	-1.00000E+0	-1.00000E+0	-1.00000E+0	-1.00000E+0	3.33113E-2	1.73200E+0	-1.02000E-12	-1.59679E-4	NaN	-1.00000E+0	-1.00000E+0	-1.00000E+0
4.76579E+0	-1.00000E+0	-1.00000E+0	-1.00000E+0	-1.00000E+0	3.33624E-2	1.73200E+0	-1.04000E-12	-1.54903E-4	NaN	-1.00000E+0	-1.00000E+0	-1.00000E+0
4.78424E+0	-1.00000E+0	-1.00000E+0	-1.00000E+0	-1.00000E+0	3.33465E-2	1.73200E+0	-1.06000E-12	-1.65660E-4	NaN	-1.00000E+0	-1.00000E+0	-1.00000E+0
4.80259E+0	-1.00000E+0	-1.00000E+0	-1.00000E+0	-1.00000E+0	3.33042E-2	1.73200E+0	-1.08000E-12	-1.62973E-4	NaN	-1.00000E+0	-1.00000E+0	-1.00000E+0
4.82064E+0	-1.00000E+0	-1.00000E+0	-1.00000E+0	-1.00000E+0	3.32778E-2	1.73200E+0	-1.10000E-12	-1.68995E-4	NaN	-1.00000E+0	-1.00000E+0	-1.00000E+0
4.83839E+0	-1.00000E+0	-1.00000E+0	-1.00000E+0	-1.00000E+0	3.32620E-2	1.73200E+0	-1.12000E-12	-1.69848E-4	NaN	-1.00000E+0	-1.00000E+0	-1.00000E+0
4.85616E+0	-1.00000E+0	-1.00000E+0	-1.00000E+0	-1.00000E+0	3.30674E-2	1.73200E+0	-1.14000E-12	-1.74959E-4	NaN	-1.00000E+0	-1.00000E+0	-1.00000E+0
4.87410E+0	-1.00000E+0	-1.00000E+0	-1.00000E+0	-1.00000E+0	3.31221E-2	1.73200E+0	-1.16000E-12	-1.74706E-4	NaN	-1.00000E+0	-1.00000E+0	-1.00000E+0
4.89276E+0	-1.00000E+0	-1.00000E+0	-1.00000E+0	-1.00000E+0	3.33288E-2	1.73200E+0	-1.18000E-12	-1.78531E-4	NaN	-1.00000E+0	-1.00000E+0	-1.00000E+0
4.91045E+0	-1.00000E+0	-1.00000E+0	-1.00000E+0	-1.00000E+0	3.35079E-2	1.73200E+0	-1.20000E-12	-1.82130E-4	NaN	-1.00000E+0	-1.00000E+0	-1.00000E+0
4.92870E+0	-1.00000E+0	-1.00000E+0	-1.00000E+0	-1.00000E+0	3.32975E-2	1.73200E+0	-1.22000E-12	-1.81218E-4	NaN	-1.00000E+0	-1.00000E+0	-1.00000E+0
4.94730E+0	-1.00000E+0	-1.00000E+0	-1.00000E+0	-1.00000E+0	3.33389E-2	1.73200E+0	-1.24000E-12	-1.89008E-4	NaN	-1.00000E+0	-1.00000E+0	-1.00000E+0
4.96525E+0	-1.00000E+0	-1.00000E+0	-1.00000E+0	-1.00000E+0	3.34202E-2	1.73200E+0	-1.26000E-12	-1.86003E-4	NaN	-1.00000E+0	-1.00000E+0	-1.00000E+0
4.98409E+0	-1.00000E+0	-1.00000E+0	-1.00000E+0	-1.00000E+0	3.33817E-2	1.73200E+0	-1.28000E-12	-1.96451E-4	NaN	-1.00000E+0	-1.00000E+0	-1.00000E+0
5.00182E+0	-1.00000E+0	-1.00000E+0	-1.00000E+0	-1.00000E+0	3.31973E-2	1.73200E+0	-1.30000E-12	-1.92336E-4	NaN	-1.00000E+0	-1.00000E+0	-1.00000E+0
5.02017E+0	-1.00000E+0	-1.00000E+0	-1.00000E+0	-1.00000E+0	3.34000E-2	1.73200E+0	-1.32000E-12	-2.00507E-4	NaN	-1.00000E+0	-1.00000E+0	-1.00000E+0
5.03779E+0	-1.00000E+0	-1.00000E+0	-1.00000E+0	-1.00000E+0	3.34003E-2	1.73200E+0	-1.34000E-12	-1.96611E-4	NaN	-1.00000E+0	-1.00000E+0	-1.00000E+0
5.05591E+0	-1.00000E+0	-1.00000E+0	-1.00000E+0	-1.00000E+0	3.33296E-2	1.73200E+0	-1.36000E-12	-2.08227E-4	NaN	-1.00000E+0	-1.00000E+0	-1.00000E+0
5.07366E+0	-1.00000E+0	-1.00000E+0	-1.00000E+0	-1.00000E+0	3.35483E-2	1.73200E+0	-1.38000E-12	-2.04867E-4	NaN	-1.00000E+0	-1.00000E+0	-1.00000E+0
5.09111E+0	-1.00000E+0	-1.00000E+0	-1.00000E+0	-1.00000E+0	3.34450E-2	1.73200E+0	-1.40000E-12	-2.15789E-4	NaN	-1.00000E+0	-1.00000E+0	-1.00000E+0
5.10993E+0	-1.00000E+0	-1.00000E+0	-1.00000E+0	-1.00000E+0	3.31566E-2	1.73200E+0	-1.42000E-12	-2.12707E-4	NaN	-1.00000E+0	-1.00000E+0	-1.00000E+0
5.12859E+0	-1.00000E+0	-1.00000E+0	-1.00000E+0	-1.00000E+0	3.33147E-2	1.73200E+0	-1.44000E-12	-2.17263E-4	NaN	-1.00000E+0	-1.00000E+0	-1.00000E+0
5.14724E+0	-1.00000E+0	-1.00000E+0	-1.00000E+0	-1.00000E+0	3.34115E-2	1.73200E+0	-1.46000E-12	-2.22186E-4	NaN	-1.00000E+0	-1.00000E+0	-1.00000E+0
5.16668E+0	-1.00000E+0	-1.00000E+0	-1.00000E+0	-1.00000E+0	3.33028E-2	1.73200E+0	-1.48000E-12	-2.17358E-4	NaN	-1.00000E+0	-1.00000E+0	-1.00000E+0
5.18526E+0	-1.00000E+0	-1.00000E+0	-1.00000E+0	-1.00000E+0	3.33308E-2	1.73200E+0	-1.50000E-12	-2.26719E-4	NaN	-1.00000E+0	-1.00000E+0	-1.00000E+0
5.20353E+0	-1.00000E+0	-1.00000E+0	-1.00000E+0	-1.00000E+0	3.33716E-2	1.73200E+0	-1.52000E-12	-2.24100E-4	NaN	-1.00000E+0	-1.00000E+0	-1.00000E+0
5.22162E+0	-1.00000E+0	-1.00000E+0	-1.00000E+0	-1.00000E+0	3.35802E-2	1.73200E+0	-1.54000E-12	-2.34236E-4	NaN	-1.00000E+0	-1.00000E+0	-1.00000E+0
5.23945E+0	-1.00000E+0	-1.00000E+0	-1.00000E+0	-1.00000E+0	3.34839E-2	1.73200E+0	-1.56000E-12	-2.31513E-4	NaN	-1.00000E+0	-1.00000E+0	-1.00000E+0
5.25718E+0	-1.00000E+0	-1.00000E+0	-1.00000E+0	-1.00000E+0	3.32717E-2	1.73200E+0	-1.58000E-12	-2.38080E-4	NaN	-1.00000E+0	-1.00000E+0	-1.00000E+0
5.27495E+0	-1.00000E+0	-1.00000E+0	-1.00000E+0	-1.00000E+0	3.33672E-2	1.73200E+0	-1.60000E-12	-2.36859E-4	NaN	-1.00000E+0	-1.00000E+0	-1.00000E+0
5.29470E+0	-1.00000E+0	-1.00000E+0	-1.00000E+0	-1.00000E+0	3.33309E-2	1.73200E+0	-1.62000E-12	-2.39435E-4	NaN	-1.00000E+0	-1.00000E+0	-1.00000E+0
5.31377E+0	-1.00000E+0	-1.00000E+0	-1.00000E+0	-1.00000E+0	3.33602E-2	1.73200E+0	-1.64000E-12	-2.44708E-4	NaN	-1.00000E+0	-1.00000E+0	-1.00000E+0
5.33099E+0	-1.00000E+0	-1.00000E+0	-1.00000E+0	-1.00000E+0	3.35461E-2	1.73200E+0	-1.66000E-12	-2.43914E-4	NaN	-1.00000E+0	-1.00000E+0	-1.00000E+0
5.34936E+0	-1.00000E+0	-1.00000E+0	-1.00000E+0	-1.00000E+0	3.35779E-2	1.73200E+0	-1.68000E-12	-2.51108E-4	NaN	-1.00000E+0	-1.00000E+0	-1.00000E+0
5.36679E+0	-1.00000E+0	-1.00000E+0	-1.00000E+0	-1.00000E+0	3.35180E-2	1.73200E+0	-1.70000E-12	-2.46444E-4	NaN	-1.00000E+0	-1.00000E+0	-1.00000E+0
5.38511E+0	-1.00000E+0	-1.00000E+0	-1.00000E+0	-1.00000E+0	3.34773E-2	1.73200E+0	-1.72000E-12	-2.56470E-4	NaN	-1.00000E+0	-1.00000E+0	-1.00000E+0
5.40334E+0	-1.00000E+0	-1.00000E+0	-1.00000E+0	-1.00000E+0	3.36270E-2	1.73200E+0	-1.74000E-12	-2.51852E-4	NaN	-1.00000E+0	-1.00000E+0	-1.00000E+0
5.42156E+0	-1.00000E+0	-1.00000E+0	-1.00000E+0	-1.00000E+0	3.35770E-2	1.73200E+0	-1.76000E-12	-2.60946E-4	NaN	-1.00000E+0	-1.00000E+0	-1.00000E+0
5.43946E+0	-1.00000E+0	-1.00000E+0	-1.00000E+0	-1.00000E+0	3.34702E-2	1.73200E+0	-1.78000E-12	-2.57683E-4	NaN	-1.00000E+0	-1.00000E+0	-1.00000E+0
5.45820E+0	-1.00000E+0	-1.00000E+0	-1.00000E+0	-1.00000E+0	3.35966E-2	1.73200E+0	-1.80000E-12	-2.63519E-4	NaN	-1.00000E+0	-1.00000E+0	-1.00000E+0
5.47675E+0	-1.00000E+0	-1.00000E+0	-1.00000E+0	-1.00000E+0	3.33938E-2	1.73200E+0	-1.82000E-12	-2.64616E-4	NaN	-1.00000E+0	-1.00000E+0	-1.00000E+0
5.49495E+0	-1.00000E+0	-1.00000E+0	-1.00000E+0	-1.00000E+0	3.35312E-2	1.73200E+0	-1.84000E-12	-2.65655E-4	NaN	-1.00000E+0	-1.00000E+0	-1.00000E+0
5.51263E+0	-1.00000E+0	-1.00000E+0	-1.00000E+0	-1.00000E+0	3.35575E-2	1.73200E+0	-1.86000E-12	-2.69276E-4	NaN	-1.00000E+0	-1.00000E+0	-1.00000E+0
5.53208E+0	-1.00000E+0	-1.00000E+0	-1.00000E+0	-1.00000E+0	3.37285E-2	1.73200E+0	-1.88000E-12	-2.68258E-4	NaN	-1.00000E+0	-1.00000E+0	-1.00000E+0
5.55070E+0	-1.00000E+0	-1.00000E+0	-1.00000E+0	-1.00000E+0	3.36029E-2	1.73200E+0	-1.90000E-12	-2.78484E-4	NaN	-1.00000E+0	-1.00000E+0	-1.00000E+0
5.56844E+0	-1.00000E+0	-1.00000E+0	-1.00000E+0	-1.00000E+0	3.35929E-2	1.73200E+0	-1.92000E-12	-2.74216E-4	NaN	-1.00000E+0	-1.00000E+0	-1.00000E+0
5.58669E+0	-1.00000E+0	-1.00000E+0	-1.00000E+0	-1.00000E+0	3.35151E-2	1.73200E+0	-1.94000E-12	-2.83334E-4	NaN	-1.00000E+0	-1.00000E+0	-1.00000E+0
5.60457E+0	-1.00000E+0	-1.00000E+0	-1.00000E+0	-1.00000E+0	3.35792E-2	1.73200E+0	-1.96000E-12	-2.79307E-4	NaN	-1.00000E+0	-1.00000E+0	-1.00000E+0
5.62314E+0	-1.00000E+0	-1.00000E+0	-1.00000E+0	-1.00000E+0	3.35268E-2	1.73200E+0	-1.98000E-12	-2.85442E-4	NaN	-1.00000E+0	-1.00000E+0	-1.00000E+0
5.64097E+0	-1.00000E+0	-1.00000E+0	-1.00000E+0	-1.00000E+0	3.35941E-2	1.73200E+0	-2.00000E-12	-2.85388E-4	NaN	-1.00000E+0	-1.00000E+0	-1.00000E+0
5.65981E+0	-1.00000E+0	-1.00000E+0	-1.00000E+0	-1.00000E+0	3.35362E-2	1.73200E+0	-1.98000E-12	-2.82760E-4	NaN	-1.00000E+0	-1.00000E+0	-1.00000E+0
5.67824E+0	-1.00000E+0	-1.00000E+0	-1.00000E+0	-1.00000E+0	3.35851E-2	1.73200E+0	-1.96000E-12	-2.82380E-4	NaN	-1.00000E+0	-1.00000E+0	-1.00000E+0
5.69653E+0	-1.00000E+0	-1.00000E+0	-1.00000E+0	-1.00000E+0	3.36449E-2	1.73200E+0	-1.94000E-12	-2.76789E-4	NaN	-1.00000E+0	-1.00000E+0	-1.00000E+0
5.71518E+0	-1.00000E+0	-1.00000E+0	-1.00000E+0	-1.00000E+0	3.36174E-2	1.73200E+0	-1.92000E-12	-2.78971E-4	NaN	-1.00000E+0	-1.00000E+0	-1.00000E+0
5.73331E+0	-1.00000E+0	-1.00000E+0	-1.00000E+0	-1.00000E+0	3.35516E-2	1.73200E+0	-1.90000E-12	-2.70476E-4	NaN	-1.00000E+0	-1.00000E+0	-1.00000E+0
5.75180E+0	-1.00000E+0	-1.00000E+0	-1.00000E+0	-1.00000E+0	3.36356E-2	1.73200E+0	-1.88000E-12	-2.75072E-4	NaN	-1.00000E+0	-1.00000E+0	-1.00000E+0
5.76935E+0	-1.00000E+0	-1.00000E+0	-1.00000E+0	-1.00000E+0	3.36219E-2	1.73200E+0	-1.86000E-12	-2.64430E-4	NaN	-1.00000E+0	-1.00000E+0	-1.00000E+0
5.78801E+0	-1.00000E+0	-1.00000E+0	-1.00000E+0	-1.00000E+0	3.36491E-2	1.73200E+0	-1.84000E-12	-2.66859E-4	NaN	-1.00000E+0	-1.00000E+0	-1.00000E+0
5.80542E+0	-1.00000E+0	-1.00000E+0	-1.00000E+0	-1.00000E+0	3.35306E-2	1.73200E+0	-1.82000E-12	-2.62172E-4	NaN	-1.00000E+0	-1.00000E+0	-1.00000E+0
5.82400E+0	-1.00000E+0	-1.00000E+0	-1.00000E+0	-1.00000E+0	3.35247E-2	1.73200E+0	-1.80000E-12	-2.64547E-4	NaN	-1.00000E+0	-1.00000E+0	-1.00000E+0
5.84162E+0	-1.00000E+0	-1.00000E+0	-1.00000E+0	-1.00000E+0	3.35160E-2	1.73200E+0	-1.78000E-12	-2.58110E-4	NaN	-1.00000E+0	-1.00000E+0	-1.00000E+0
5.85929E+0	-1.00000E+0	-1.00000E+0	-1.00000E+0	-1.00000E+0	3.36658E-2	1.73200E+0	-1.76000E-12	-2.58977E-4	NaN	-1.00000E+0	-1.00000E+0	-1.00000E+0
5.87790E+0	-1.00000E+0	-1.00000E+0	-1.00000E+0	-1.00000E+0	3.38050E-2	1.73200E+0	-1.74000E-12	-2.54960E-4	NaN	-1.00000E+0	-1.00000E+0	-1.00000E+0
5.89647E+0	-1.00000E+0	-1.00000E+0	-1.00000E+0	-1.00000E+0	3.37724E-2	1.73200E+0	-1.72000E-12	-2.51298E-4	NaN	-1.00000E+0	-1.00000E+0	-1.00000E+0
5.91517E+0	-1.00000E+0	-1.00000E+0	-1.00000E+0	-1.00000E+0	3.35966E-2	1.73200E+0	-1.70000E-12	-2.51937E-4	NaN	-1.00000E+0	-1.00000E+0	-1.00000E+0
5.93316E+0	-1.00000E+0	-1.00000E+0	-1.00000E+0	-1.00000E+0	3.37053E-2	1.73200E+0	-1.68000E-12	-2.44057E-4	NaN	-1.00000E+0	-1.00000E+0	-1.00000E+0
5.95099E+0	-1.00000E+0	-1.00000E+0	-1.00000E+0	-1.00000E+0	3.36763E-2	1.73200E+0	-1.66000E-12	-2.47983E-4	NaN	-1.00000E+0	-1.00000E+0	-1.00000E+0
5.96866E+0	-1.00000E+0	-1.00000E+0	-1.00000E+0	-1.00000E+0	3.38578E-2	1.73200E+0	-1.64000E-12	-2.39014E-4	NaN	-1.00000E+0	-1.00000E+0	-1.00000E+0
5.98701E+0	-1.00000E+0	-1.00000E+0	-1.00000E+0	-1.00000E+0	3.36235E-2	1.73200E+0	-1.62000E-12	-2.43015E-4	NaN	-1.00000E+0	-1.00000E+0	-1.00000E+0
6.00628E+0	-1.00000E+0	-1.00000E+0	-1.00000E+0	-1.00000E+0	3.36952E-2	1.73200E+0	-1.60000E-12	-2.35875E-4	NaN	-1.00000E+0	-1.00000E+0	-1.00000E+0
6.02491E+0	-1.00000E+0	-1.00000E+0	-1.00000E+0	-1.00000E+0	3.37807E-2	1.73200E+0	-1.58000E-12	-2.37158E-4	NaN	-1.00000E+0	-1.00000E+0	-1.00000E+0
6.04371E+0	-1.00000E+0	-1.00000E+0	-1.00000E+0	-1.00000E+0	3.37395E-2	1.73200E+0	-1.56000E-12	-2.34568E-4	NaN	-1.00000E+0	-1.00000E+0	-1.00000E+0
6.06428E+0	-1.00000E+0	-1.00000E+0	-1.00000E+0	-1.00000E+0	3.36632E-2	1.73200E+0	-1.54000E-12	-2.26912E-4	NaN	-1.00000E+0	-1.00000E+0	-1.00000E+0
6.08288E+0	-1.00000E+0	-1.00000E+0	-1.00000E+0	-1.00000E+0	3.37054E-2	1.73200E+0	-1.52000E-12	-2.31408E-4	NaN	-1.00000E+0	-1.00000E+0	-1.00000E+0
6.10090E+0	-1.00000E+0	-1.00000E+0	-1.00000E+0	-1.00000E+0	3.37478E-2	1.73200E+0	-1.50000E-12	-2.22327E-4	NaN	-1.00000E+0	-1.00000E+0	-1.00000E+0
6.11897E+0	-1.00000E+0	-1.00000E+0	-1.00000E+0	-1.00000E+0	3.36969E-2	1.73200E+0	-1.48000E-12	-2.24553E-4	NaN	-1.00000E+0	-1.00000E+0	-1.00000E+0
6.13655E+0	-1.00000E+0	-1.00000E+0	-1.00000E+0	-1.00000E+0	3.38530E-2	1.73200E+0	-1.46000E-12	-2.20184E-4	NaN	-1.00000E+0	-1.00000E+0	-1.00000E+0
6.15490E+0	-1.00000E+0	-1.00000E+0	-1.00000E+0	-1.00000E+0	3.39491E-2	1.73200E+0	-1.44000E-12	-2.20197E-4	NaN	-1.00000E+0	-1.00000E+0	-1.00000E+0
6.17342E+0	-1.00000E+0	-1.00000E+0	-1.00000E+0	-1.00000E+0	3.38481E-2	1.73200E+0	-1.42000E-12	-2.15105E-4	NaN	-1.00000E+0	-1.00000E+0	-1.00000E+0
6.19160E+0	-1.00000E+0	-1.00000E+0	-1.00000E+0	-1.00000E+0	3.37342E-2	1.73200E+0	-1.40000E-12	-2.11244E-4	NaN	-1.00000E+0	-1.00000E+0	-1.00000E+0
6.21019E+0	-1.00000E+0	-1.00000E+0	-1.00000E+0	-1.00000E+0	3.39793E-2	1.73200E+0	-1.38000E-12	-2.09055E-4	NaN	-1.00000E+0	-1.00000E+0	-1.00000E+0
6.22874E+0	-1.00000E+0	-1.00000E+0	-1.00000E+0	-1.00000E+0	3.36558E-2	1.73200E+0	-1.36000E-12	-2.03158E-4	NaN	-1.00000E+0	-1.00000E+0	-1.00000E+0
6.24741E+0	-1.00000E+0	-1.00000E+0	-1.00000E+0	-1.00000E+0	3.36608E-2	1.73200E+0	-1.34000E-12	-2.02819E-4	NaN	-1.00000E+0	-1.00000E+0	-1.00000E+0
6.26541E+0	-1.00000E+0	-1.00000E+0	-1.00000E+0	-1.00000E+0	3.35995E-2	1.73200E+0	-1.32000E-12	-1.94872E-4	NaN	-1.00000E+0	-1.00000E+0	-1.00000E+0
6.28348E+0	-1.00000E+0	-1.00000E+0	-1.00000E+0	-1.00000E+0	3.38563E-2	1.73200E+0	-1.30000E-12	-1.99306E-4	NaN	-1.00000E+0	-1.00000E+0	-1.00000E+0
6.30119E+0	-1.00000E+0	-1.00000E+0	-1.00000E+0	-1.00000E+0	3.38140E-2	1.73200E+0	-1.28000E-12	-1.89224E-4	NaN	-1.00000E+0	-1.00000E+0	-1.00000E+0
6.31896E+0	-1.00000E+0	-1.00000E+0	-1.00000E+0	-1.00000E+0	3.38704E-2	1.73200E+0	-1.26000E-12	-1.92763E-4	NaN	-1.00000E+0	-1.00000E+0	-1.00000E+0
6.33708E+0	-1.00000E+0	-1.00000E+0	-1.00000E+0	-1.00000E+0	3.37220E-2	1.73200E+0	-1.24000E-12	-1.86924E-4	NaN	-1.00000E+0	-1.00000E+0	-1.00000E+0
6.35588E+0	-1.00000E+0	-1.00000E+0	-1.00000E+0	-1.00000E+0	3.37373E-2	1.73200E+0	-1.22000E-12	-1.83927E-4	NaN	-1.00000E+0	-1.00000E+0	-1.00000E+0
6.37375E+0	-1.00000E+0	-1.00000E+0	-1.00000E+0	-1.00000E+0	3.38384E-2	1.73200E+0	-1.20000E-12	-1.81093E-4	NaN	-1.00000E+0	-1.00000E+0	-1.00000E+0
6.39165E+0	-1.00000E+0	-1.00000E+0	-1.00000E+0	-1.00000E+0	3.38657E-2	1.73200E+0	-1.18000E-12	-1.78437E-4	NaN	-1.00000E+0	-1.00000E+0	-1.00000E+0
6.41102E+0	-1.00000E+0	-1.00000E+0	-1.00000E+0	-1.00000E+0	3.38904E-2	1.73200E+0	-1.16000E-12	-1.78650E-4	NaN	-1.00000E+0	-1.00000E+0	-1.00000E+0
6.42903E+0	-1.00000E+0	-1.00000E+0	-1.00000E+0	-1.00000E+0	3.37113E-2	1.73200E+0	-1.14000E-12	-1.68985E-4	NaN	-1.00000E+0	-1.00000E+0	-1.00000E+0
6.44735E+0	-1.00000E+0	-1.00000E+0	-1.00000E+0	-1.00000E+0	3.38285E-2	1.73200E+0	-1.12000E-12	-1.73775E-4	NaN	-1.00000E+0	-1.00000E+0	-1.00000E+0
6.46572E+0	-1.00000E+0	-1.00000E+0	-1.00000E+0	-1.00000E+0	3.38527E-2	1.73200E+0	-1.10000E-12	-1.64463E-4	NaN	-1.00000E+0	-1.00000E+0	-1.00000E+0
6.48460E+0	-1.00000E+0	-1.00000E+0	-1.00000E+0	-1.00000E+0	3.39608E-2	1.73200E+0	-1.08000E-12	-1.64590E-4	NaN	-1.00000E+0	-1.00000E+0	-1.00000E+0
6.50184E+0	-1.00000E+0	-1.00000E+0	-1.00000E+0	-1.00000E+0	3.38039E-2	1.73200E+0	-1.06000E-12	-1.58930E-4	NaN	-1.00000E+0	-1.00000E+0	-1.00000E+0
6.52036E+0	-1.00000E+0	-1.00000E+0	-1.00000E+0	-1.00000E+0	3.38234E-2	1.73200E+0	-1.04000E-12	-1.62490E-4	NaN	-1.00000E+0	-1.00000E+0	-1.00000E+0
6.53806E+0	-1.00000E+0	-1.00000E+0	-1.00000E+0	-1.00000E+0	3.37868E-2	1.73200E+0	-1.02000E-12	-1.55041E-4	NaN	-1.00000E+0	-1.00000E+0	-1.00000E+0
6.55619E+0	-1.00000E+0	-1.00000E+0	-1.00000E+0	-1.00000E+0	3.39056E-2	1.73200E+0	-1.00000E-12	-1.56344E-4	NaN	-1.00000E+0	-1.00000E+0	-1.00000E+0
6.57536E+0	-1.00000E+0	-1.00000E+0	-1.00000E+0	-1.00000E+0	3.37504E-2	1.73200E+0	-9.80000E-13	-1.52738E-4	NaN	-1.00000E+0	-1.00000E+0	-1.00000E+0
6.59286E+0	-1.00000E+0	-1.00000E+0	-1.00000E+0	-1.00000E+0	3.37982E-2	1.73200E+0	-9.60000E-13	-1.47244E-4	NaN	-1.00000E+0	-1.00000E+0	-1.00000E+0
6.61141E+0	-1.00000E+0	-1.00000E+0	-1.00000E+0	-1.00000E+0	3.39099E-2	1.73200E+0	-9.40000E-13	-1.45744E-4	NaN	-1.00000E+0	-1.00000E+0	-1.00000E+0
6.62971E+0	-1.00000E+0	-1.00000E+0	-1.00000E+0	-1.00000E+0	3.39529E-2	1.73200E+0	-9.20000E-13	-1.37943E-4	NaN	-1.00000E+0	-1.00000E+0	-1.00000E+0
6.64835E+0	-1.00000E+0	-1.00000E+0	-1.00000E+0	-1.00000E+0	3.38552E-2	1.73200E+0	-9.00000E-13	-1.40790E-4	NaN	-1.00000E+0	-1.00000E+0	-1.00000E+0
6.66626E+0	-1.00000E+0	-1.00000E+0	-1.00000E+0	-1.00000E+0	3.37886E-2	1.73200E+0	-8.80000E-13	-1.31385E-4	NaN	-1.00000E+0	-1.00000E+0	-1.00000E+0
6.68442E+0	-1.00000E+0	-1.00000E+0	-1.00000E+0	-1.00000E+0	3.38909E-2	1.73200E+0	-8.60000E-13	-1.35150E-4	NaN	-1.00000E+0	-1.00000E+0	-1.00000E+0
6.70200E+0	-1.00000E+0	-1.00000E+0	-1.00000E+0	-1.00000E+0	3.38698E-2	1.73200E+0	-8.40000E-13	-1.23651E-4	NaN	-1.00000E+0	-1.00000E+0	-1.00000E+0
6.72040E+0	-1.00000E+0	-1.00000E+0	-1.00000E+0	-1.00000E+0	3.38037E-2	1.73200E+0	-8.20000E-13	-1.27451E-4	NaN	-1.00000E+0	-1.00000E+0	-1.00000E+0
6.73819E+0	-1.00000E+0	-1.00000E+0	-1.00000E+0	-1.00000E+0	3.40588E-2	1.73200E+0	-8.00000E-13	-1.15630E-4	NaN	-1.00000E+0	-1.00000E+0	-1.00000E+0
6.75670E+0	-1.00000E+0	-1.00000E+0	-1.00000E+0	-1.00000E+0	3.38420E-2	1.73200E+0	-7.80000E-13	-1.17559E-4	NaN	-1.00000E+0	-1.00000E+0	-1.00000E+0
6.77444E+0	-1.00000E+0	-1.00000E+0	-1.00000E+0	-1.00000E+0	3.37495E-2	1.73200E+0	-7.60000E-13	-1.07534E-4	NaN	-1.00000E+0	-1.00000E+0	-1.00000E+0
6.79332E+0	-1.00000E+0	-1.00000E+0	-1.00000E+0	-1.00000E+0	3.38118E-2	1.73200E+0	-7.40000E-13	-1.07113E-4	NaN	-1.00000E+0	-1.00000E+0	-1.00000E+0
6.81146E+0	-1.00000E+0	-1.00000E+0	-1.00000E+0	-1.00000E+0	3.38524E-2	1.73200E+0	-7.20000E-13	-1.02259E-4	NaN	-1.00000E+0	-1.00000E+0	-1.00000E+0
6.82971E+0	-1.00000E+0	-1.00000E+0	-1.00000E+0	-1.00000E+0	3.38421E-2	1.73200E+0	-7.00000E-13	-9.20459E-5	NaN	-1.00000E+0	-1.00000E+0	-1.00000E+0
6.84844E+0	-1.00000E+0	-1.00000E+0	-1.00000E+0	-1.00000E+0	3.40786E-2	1.73200E+0	-6.80000E-13	-9.03909E-5	NaN	-1.00000E+0	-1.00000E+0	-1.00000E+0
6.86671E+0	-1.00000E+0	-1.00000E+0	-1.00000E+0	-1.00000E+0	3.38405E-2	1.73200E+0	-6.60000E-13	-7.52976E-5	NaN	-1.00000E+0	-1.00000E+0	-1.00000E+0
6.88554E+0	-1.00000E+0	-1.00000E+0	-1.00000E+0	-1.00000E+0	3.37295E-2	1.73200E+0	-6.40000E-13	-7.51765E-5	NaN	-1.00000E+0	-1.00000E+0	-1.00000E+0
6.90328E+0	-1.00000E+0	-1.00000E+0	-1.00000E+0	-1.00000E+0	3.39109E-2	1.73200E+0	-6.20000E-13	-5.67949E-5	NaN	-1.00000E+0	-1.00000E+0	-1.00000E+0
6.92190E+0	-1.00000E+0	-1.00000E+0	-1.00000E+0	-1.00000E+0	3.40081E-2	1.73200E+0	-6.00000E-13	-5.65300E-5	NaN	-1.00000E+0	-1.00000E+0	-1.00000E+0
6.93975E+0	-1.00000E+0	-1.00000E+0	-1.00000E+0	-1.00000E+0	3.37322E-2	1.73200E+0	-5.80000E-13	-3.66707E-5	NaN	-1.00000E+0	-1.00000E+0	-1.00000E+0
6.95835E+0	-1.00000E+0	-1.00000E+0	-1.00000E+0	-1.00000E+0	3.38440E-2	1.73200E+0	-5.60000E-13	-2.88474E-5	NaN	-1.00000E+0	-1.00000E+0	-1.00000E+0
6.97863E+0	-1.00000E+0	-1.00000E+0	-1.00000E+0	-1.00000E+0	3.39671E-2	1.73200E+0	-5.40000E-13	-1.85243E-5	NaN	-1.00000E+0	-1.00000E+0	-1.00000E+0
6.99728E+0	-1.00000E+0	-1.00000E+0	-1.00000E+0	-1.00000E+0	3.38806E-2	1.73200E+0	-5.20000E-13	3.30014E-6	NaN	-1.00000E+0	-1.00000E+0	-1.00000E+0
7.01525E+0	-1.00000E+0	-1.00000E+0	-1.00000E+0	-1.00000E+0	3.38775E-2	1.73200E+0	-5.00000E-13	1.15045E-5	NaN	-1.00000E+0	-1.00000E+0	-1.00000E+0
7.03360E+0	-1.00000E+0	-1.00000E+0	-1.00000E+0	-1.00000E+0	3.38076E-2	1.73200E+0	-4.80000E-13	3.61558E-5	NaN	-1.00000E+0	-1.00000E+0	-1.00000E+0
7.05092E+0	-1.00000E+0	-1.00000E+0	-1.00000E+0	-1.00000E+0	3.40812E-2	1.73200E+0	-4.60000E-13	5.64306E-5	NaN	-1.00000E+0	-1.00000E+0	-1.00000E+0
7.06864E+0	-1.00000E+0	-1.00000E+0	-1.00000E+0	-1.00000E+0	3.39321E-2	1.73200E+0	-4.40000E-13	7.41523E-5	NaN	-1.00000E+0	-1.00000E+0	-1.00000E+0
7.08719E+0	-1.00000E+0	-1.00000E+0	-1.00000E+0	-1.00000E+0	3.37775E-2	1.73200E+0	-4.20000E-13	8.11034E-5	NaN	-1.00000E+0	-1.00000E+0	-1.00000E+0
7.10529E+0	-1.00000E+0	-1.00000E+0	-1.00000E+0	-1.00000E+0	3.38818E-2	1.73200E+0	-4.00000E-13	1.00048E-4	NaN	-1.00000E+0	-1.00000E+0	-1.00000E+0
7.12387E+0	-1.00000E+0	-1.00000E+0	-1.00000E+0	-1.00000E+0	3.40329E-2	1.73200E+0	-3.80000E-13	1.08215E-4	NaN	-1.00000E+0	-1.00000E+0	-1.00000E+0
7.14164E+0	-1.00000E+0	-1.00000E+0	-1.00000E+0	-1.00000E+0	3.41102E-2	1.73200E+0	-3.60000E-13	1.23573E-4	NaN	-1.00000E+0	-1.00000E+0	-1.00000E+0
7.15953E+0	-1.00000E+0	-1.00000E+0	-1.00000E+0	-1.00000E+0	3.40306E-2	1.73200E+0	-3.40000E-13	1.35381E-4	NaN	-1.00000E+0	-1.00000E+0	-1.00000E+0
7.17806E+0	-1.00000E+0	-1.00000E+0	-1.00000E+0	-1.00000E+0	3.40613E-2	1.73200E+0	-3.20000E-13	1.38763E-4	NaN	-1.00000E+0	-1.00000E+0	-1.00000E+0
7.19634E+0	-1.00000E+0	-1.00000E+0	-1.00000E+0	-1.00000E+0	3.40453E-2	1.73200E+0	-3.00000E-13	1.51095E-4	NaN	-1.00000E+0	-1.00000E+0	-1.00000E+0
7.21390E+0	-1.00000E+0	-1.00000E+0	-1.00000E+0	-1.00000E+0	3.38767E-2	1.73200E+0	-2.80000E-13	1.52804E-4	NaN	-1.00000E+0	-1.00000E+0	-1.00000E+0
7.23221E+0	-1.00000E+0	-1.00000E+0	-1.00000E+0	-1.00000E+0	3.40777E-2	1.73200E+0	-2.60000E-13	1.63939E-4	NaN	-1.00000E+0	-1.00000E+0	-1.00000E+0
7.25090E+0	-1.00000E+0	-1.00000E+0	-1.00000E+0	-1.00000E+0	3.39502E-2	1.73200E+0	-2.40000E-13	1.62550E-4	NaN	-1.00000E+0	-1.00000E+0	-1.00000E+0
7.26865E+0	-1.00000E+0	-1.00000E+0	-1.00000E+0	-1.00000E+0	3.38532E-2	1.73200E+0	-2.20000E-13	1.73877E-4	NaN	-1.00000E+0	-1.00000E+0	-1.00000E+0
7.28693E+0	-1.00000E+0	-1.00000E+0	-1.00000E+0	-1.00000E+0	3.39020E-2	1.73200E+0	-2.00000E-13	1.71066E-4	NaN	-1.00000E+0	-1.00000E+0	-1.00000E+0
7.30470E+0	-1.00000E+0	-1.00000E+0	-1.00000E+0	-1.00000E+0	3.41626E-2	1.73200E+0	-1.80000E-13	1.84309E-4	NaN	-1.00000E+0	-1.00000E+0	-1.00000E+0
7.32272E+0	-1.00000E+0	-1.00000E+0	-1.00000E+0	-1.00000E+0	3.40915E-2	1.73200E+0	-1.60000E-13	1.79922E-4	NaN	-1.00000E+0	-1.00000E+0	-1.00000E+0
7.34049E+0	-1.00000E+0	-1.00000E+0	-1.00000E+0	-1.00000E+0	3.41392E-2	1.73200E+0	-1.40000E-13	1.91186E-4	NaN	-1.00000E+0	-1.00000E+0	-1.00000E+0
7.35829E+0	-1.00000E+0	-1.00000E+0	-1.00000E+0	-1.00000E+0	3.41002E-2	1.73200E+0	-1.20000E-13	1.88262E-4	NaN	-1.00000E+0	-1.00000E+0	-1.00000E+0
7.37699E+0	-1.00000E+0	-1.00000E+0	-1.00000E+0	-1.00000E+0	3.39272E-2	1.73200E+0	-1.00000E-13	1.96462E-4	NaN	-1.00000E+0	-1.00000E+0	-1.00000E+0
7.39462E+0	-1.00000E+0	-1.00000E+0	-1.00000E+0	-1.00000E+0	3.39128E-2	1.73200E+0	-8.00000E-14	1.97983E-4	NaN	-1.00000E+0	-1.00000E+0	-1.00000E+0
7.41274E+0	-1.00000E+0	-1.00000E+0	-1.00000E+0	-1.00000E+0	3.39411E-2	1.73200E+0	-6.00000E-14	2.01725E-4	NaN	-1.00000E+0	-1.00000E+0	-1.00000E+0
7.43083E+0	-1.00000E+0	-1.00000E+0	-1.00000E+0	-1.00000E+0	3.39107E-2	1.73200E+0	-4.00000E-14	2.05336E-4	NaN	-1.00000E+0	-1.00000E+0	-1.00000E+0
7.44859E+0	-1.00000E+0	-1.00000E+0	-1.00000E+0	-1.00000E+0	3.39759E-2	1.73200E+0	-2.00000E-14	2.07158E-4	NaN	-1.00000E+0	-1.00000E+0	-1.00000E+0
7.46693E+0	-1.00000E+0	-1.00000E+0	-1.00000E+0	-1.00000E+0	3.39042E-2	1.73200E+0	0.00000E+0	2.13888E-4	NaN	-1.00000E+0	-1.00000E+0	-1.00000E+0
