ATS 9870 settings:
S-param: S21	Power level: -3	Port 1 Attn: 10
Port 2 Attn: 0	Ref (dB): 10	Resolution (dB): 10
Averaging?: ON		Average count: 500

!DATASTR!
Freq	data 
(GHz)	(dB or deg.)
3.000000000000000E+9	-1.329531955718994E+1
3.000312304809494E+9	-1.325419235229492E+1
3.000624609618988E+9	-1.347268772125244E+1
3.000936914428482E+9	-1.334222316741943E+1
3.001249219237976E+9	-1.342045307159424E+1
3.001561524047470E+9	-1.339032077789307E+1
3.001873828856965E+9	-1.341316890716553E+1
3.002186133666459E+9	-1.349176216125488E+1
3.002498438475953E+9	-1.358414363861084E+1
3.002810743285447E+9	-1.358933830261230E+1
3.003123048094941E+9	-1.364074325561523E+1
3.003435352904435E+9	-1.366081428527832E+1
3.003747657713929E+9	-1.373692607879639E+1
3.004059962523423E+9	-1.384816169738770E+1
3.004372267332917E+9	-1.376930427551270E+1
3.004684572142411E+9	-1.384845066070557E+1
3.004996876951905E+9	-1.389209079742432E+1
3.005309181761399E+9	-1.388715171813965E+1
3.005621486570893E+9	-1.396684837341309E+1
3.005933791380387E+9	-1.390451812744141E+1
3.006246096189881E+9	-1.396049213409424E+1
3.006558400999375E+9	-1.391469478607178E+1
3.006870705808869E+9	-1.402965927124023E+1
3.007183010618363E+9	-1.392480087280273E+1
3.007495315427857E+9	-1.400237846374512E+1
3.007807620237351E+9	-1.406139087677002E+1
3.008119925046846E+9	-1.402039909362793E+1
3.008432229856340E+9	-1.405189704895020E+1
3.008744534665834E+9	-1.413122844696045E+1
3.009056839475328E+9	-1.411031436920166E+1
3.009369144284822E+9	-1.416194152832031E+1
3.009681449094316E+9	-1.420439052581787E+1
3.009993753903810E+9	-1.412444782257080E+1
3.010306058713304E+9	-1.417522716522217E+1
3.010618363522798E+9	-1.415025424957275E+1
3.010930668332293E+9	-1.415849781036377E+1
3.011242973141787E+9	-1.418451213836670E+1
3.011555277951281E+9	-1.426572132110596E+1
3.011867582760775E+9	-1.423001098632812E+1
3.012179887570269E+9	-1.422209739685059E+1
3.012492192379763E+9	-1.426410102844238E+1
3.012804497189257E+9	-1.429358291625977E+1
3.013116801998751E+9	-1.427298736572266E+1
3.013429106808245E+9	-1.430042171478271E+1
3.013741411617739E+9	-1.431704425811768E+1
3.014053716427233E+9	-1.432773303985596E+1
3.014366021236727E+9	-1.436026859283447E+1
3.014678326046221E+9	-1.435558128356934E+1
3.014990630855715E+9	-1.435584068298340E+1
3.015302935665209E+9	-1.433255004882812E+1
3.015615240474703E+9	-1.427074050903320E+1
3.015927545284197E+9	-1.428993606567383E+1
3.016239850093691E+9	-1.430795860290527E+1
3.016552154903185E+9	-1.438049507141113E+1
3.016864459712679E+9	-1.434980583190918E+1
3.017176764522174E+9	-1.434674644470215E+1
3.017489069331668E+9	-1.429602909088135E+1
3.017801374141162E+9	-1.431681156158447E+1
3.018113678950656E+9	-1.441912937164307E+1
3.018425983760150E+9	-1.431877422332764E+1
3.018738288569644E+9	-1.434344100952148E+1
3.019050593379138E+9	-1.438912391662598E+1
3.019362898188632E+9	-1.439745712280273E+1
3.019675202998126E+9	-1.430749130249023E+1
3.019987507807620E+9	-1.436760711669922E+1
3.020299812617114E+9	-1.435915851593018E+1
3.020612117426609E+9	-1.431729984283447E+1
3.020924422236103E+9	-1.439113426208496E+1
3.021236727045597E+9	-1.442306423187256E+1
3.021549031855091E+9	-1.435738754272461E+1
3.021861336664585E+9	-1.438708209991455E+1
3.022173641474079E+9	-1.432667160034180E+1
3.022485946283573E+9	-1.412151718139648E+1
3.022798251093067E+9	-1.424338150024414E+1
3.023110555902561E+9	-1.428334522247314E+1
3.023422860712055E+9	-1.430759811401367E+1
3.023735165521549E+9	-1.426262474060059E+1
3.024047470331043E+9	-1.431914138793945E+1
3.024359775140537E+9	-1.423524761199951E+1
3.024672079950031E+9	-1.425674152374268E+1
3.024984384759525E+9	-1.428813266754150E+1
3.025296689569019E+9	-1.415213871002197E+1
3.025608994378513E+9	-1.417296695709229E+1
3.025921299188007E+9	-1.419031524658203E+1
3.026233603997501E+9	-1.418707561492920E+1
3.026545908806995E+9	-1.413300800323486E+1
3.026858213616490E+9	-1.421570968627930E+1
3.027170518425984E+9	-1.413327312469482E+1
3.027482823235478E+9	-1.416431522369385E+1
3.027795128044972E+9	-1.413865089416504E+1
3.028107432854466E+9	-1.402927303314209E+1
3.028419737663960E+9	-1.401810264587402E+1
3.028732042473454E+9	-1.406377983093262E+1
3.029044347282948E+9	-1.406545162200928E+1
3.029356652092442E+9	-1.398219871520996E+1
3.029668956901937E+9	-1.396288013458252E+1
3.029981261711431E+9	-1.395694828033447E+1
3.030293566520925E+9	-1.387204265594482E+1
3.030605871330419E+9	-1.394510936737061E+1
3.030918176139913E+9	-1.391868209838867E+1
3.031230480949407E+9	-1.391504573822021E+1
3.031542785758901E+9	-1.384027767181396E+1
3.031855090568395E+9	-1.392491340637207E+1
3.032167395377889E+9	-1.391912364959717E+1
3.032479700187383E+9	-1.393382167816162E+1
3.032792004996877E+9	-1.395633316040039E+1
3.033104309806371E+9	-1.393461322784424E+1
3.033416614615865E+9	-1.395147991180420E+1
3.033728919425359E+9	-1.381116580963135E+1
3.034041224234853E+9	-1.391390705108643E+1
3.034353529044347E+9	-1.399547290802002E+1
3.034665833853841E+9	-1.388708305358887E+1
3.034978138663335E+9	-1.392267322540283E+1
3.035290443472829E+9	-1.394789505004883E+1
3.035602748282323E+9	-1.389138889312744E+1
3.035915053091818E+9	-1.390902328491211E+1
3.036227357901312E+9	-1.387712955474854E+1
3.036539662710806E+9	-1.385967254638672E+1
3.036851967520300E+9	-1.378921031951904E+1
3.037164272329794E+9	-1.386097335815430E+1
3.037476577139288E+9	-1.376661205291748E+1
3.037788881948782E+9	-1.380492591857910E+1
3.038101186758276E+9	-1.382651519775391E+1
3.038413491567770E+9	-1.381568527221680E+1
3.038725796377264E+9	-1.378243541717529E+1
3.039038101186758E+9	-1.376989555358887E+1
3.039350405996253E+9	-1.380219650268555E+1
3.039662710805747E+9	-1.376865673065186E+1
3.039975015615241E+9	-1.372160053253174E+1
3.040287320424735E+9	-1.379243564605713E+1
3.040599625234229E+9	-1.389371299743652E+1
3.040911930043723E+9	-1.385515689849854E+1
3.041224234853217E+9	-1.379158401489258E+1
3.041536539662711E+9	-1.386123085021973E+1
3.041848844472205E+9	-1.381440353393555E+1
3.042161149281699E+9	-1.374861049652100E+1
3.042473454091193E+9	-1.377010726928711E+1
3.042785758900687E+9	-1.372074699401855E+1
3.043098063710181E+9	-1.371997833251953E+1
3.043410368519675E+9	-1.374980449676514E+1
3.043722673329169E+9	-1.371858119964600E+1
3.044034978138663E+9	-1.368636131286621E+1
3.044347282948157E+9	-1.365266895294189E+1
3.044659587757651E+9	-1.367709445953369E+1
3.044971892567145E+9	-1.361378288269043E+1
3.045284197376639E+9	-1.364934635162354E+1
3.045596502186134E+9	-1.359220790863037E+1
3.045908806995628E+9	-1.360846328735352E+1
3.046221111805122E+9	-1.361504459381104E+1
3.046533416614616E+9	-1.359434604644775E+1
3.046845721424110E+9	-1.355475807189941E+1
3.047158026233604E+9	-1.353334999084473E+1
3.047470331043098E+9	-1.347791004180908E+1
3.047782635852592E+9	-1.345269107818604E+1
3.048094940662086E+9	-1.353055381774902E+1
3.048407245471581E+9	-1.345774364471436E+1
3.048719550281075E+9	-1.349712753295898E+1
3.049031855090569E+9	-1.348409652709961E+1
3.049344159900063E+9	-1.352299118041992E+1
3.049656464709557E+9	-1.348506736755371E+1
3.049968769519051E+9	-1.336756420135498E+1
3.050281074328545E+9	-1.338300514221191E+1
3.050593379138039E+9	-1.331114006042480E+1
3.050905683947533E+9	-1.332236576080322E+1
3.051217988757027E+9	-1.323692798614502E+1
3.051530293566521E+9	-1.325788688659668E+1
3.051842598376015E+9	-1.320127487182617E+1
3.052154903185509E+9	-1.311425971984863E+1
3.052467207995003E+9	-1.303674697875977E+1
3.052779512804497E+9	-1.304681873321533E+1
3.053091817613991E+9	-1.298820972442627E+1
3.053404122423485E+9	-1.285302829742432E+1
3.053716427232979E+9	-1.297454166412354E+1
3.054028732042473E+9	-1.295447158813477E+1
3.054341036851967E+9	-1.298210811614990E+1
3.054653341661462E+9	-1.294401645660400E+1
3.054965646470956E+9	-1.289679813385010E+1
3.055277951280450E+9	-1.293225383758545E+1
3.055590256089944E+9	-1.281073284149170E+1
3.055902560899438E+9	-1.284743595123291E+1
3.056214865708932E+9	-1.285483455657959E+1
3.056527170518426E+9	-1.275068187713623E+1
3.056839475327920E+9	-1.275320720672607E+1
3.057151780137414E+9	-1.274664115905762E+1
3.057464084946908E+9	-1.271998786926270E+1
3.057776389756402E+9	-1.273553180694580E+1
3.058088694565897E+9	-1.267144203186035E+1
3.058400999375391E+9	-1.269814205169678E+1
3.058713304184885E+9	-1.266061019897461E+1
3.059025608994379E+9	-1.261024284362793E+1
3.059337913803873E+9	-1.256630897521973E+1
3.059650218613367E+9	-1.262708473205566E+1
3.059962523422861E+9	-1.253517055511475E+1
3.060274828232355E+9	-1.257344627380371E+1
3.060587133041849E+9	-1.245973968505859E+1
3.060899437851343E+9	-1.245922756195068E+1
3.061211742660837E+9	-1.249779033660889E+1
3.061524047470331E+9	-1.250296974182129E+1
3.061836352279825E+9	-1.246526718139648E+1
3.062148657089319E+9	-1.235186481475830E+1
3.062460961898813E+9	-1.239221668243408E+1
3.062773266708307E+9	-1.239401340484619E+1
3.063085571517801E+9	-1.244413185119629E+1
3.063397876327295E+9	-1.239943790435791E+1
3.063710181136789E+9	-1.235102558135986E+1
3.064022485946283E+9	-1.229853630065918E+1
3.064334790755778E+9	-1.236364269256592E+1
3.064647095565272E+9	-1.233490562438965E+1
3.064959400374766E+9	-1.231331634521484E+1
3.065271705184260E+9	-1.229054927825928E+1
3.065584009993754E+9	-1.233512687683105E+1
3.065896314803248E+9	-1.234760761260986E+1
3.066208619612742E+9	-1.231070423126221E+1
3.066520924422236E+9	-1.226782894134521E+1
3.066833229231730E+9	-1.217069339752197E+1
3.067145534041224E+9	-1.222519207000732E+1
3.067457838850718E+9	-1.214525413513184E+1
3.067770143660213E+9	-1.212665939331055E+1
3.068082448469707E+9	-1.224606323242187E+1
3.068394753279201E+9	-1.219937133789062E+1
3.068707058088695E+9	-1.221863174438477E+1
3.069019362898189E+9	-1.220143318176270E+1
3.069331667707683E+9	-1.220222091674805E+1
3.069643972517177E+9	-1.215142440795898E+1
3.069956277326671E+9	-1.209937763214111E+1
3.070268582136165E+9	-1.213131237030029E+1
3.070580886945659E+9	-1.216852378845215E+1
3.070893191755153E+9	-1.209173774719238E+1
3.071205496564647E+9	-1.213885688781738E+1
3.071517801374141E+9	-1.214208984375000E+1
3.071830106183635E+9	-1.215039539337158E+1
3.072142410993129E+9	-1.208322715759277E+1
3.072454715802623E+9	-1.210348320007324E+1
3.072767020612117E+9	-1.207540035247803E+1
3.073079325421611E+9	-1.213093948364258E+1
3.073391630231106E+9	-1.209225940704346E+1
3.073703935040600E+9	-1.207878398895264E+1
3.074016239850094E+9	-1.205520534515381E+1
3.074328544659588E+9	-1.203796958923340E+1
3.074640849469082E+9	-1.204593849182129E+1
3.074953154278576E+9	-1.196070575714111E+1
3.075265459088070E+9	-1.198832130432129E+1
3.075577763897564E+9	-1.195278644561768E+1
3.075890068707058E+9	-1.192756652832031E+1
3.076202373516552E+9	-1.186073017120361E+1
3.076514678326046E+9	-1.196821880340576E+1
3.076826983135540E+9	-1.200510120391846E+1
3.077139287945035E+9	-1.191748714447021E+1
3.077451592754529E+9	-1.191185760498047E+1
3.077763897564023E+9	-1.196630382537842E+1
3.078076202373517E+9	-1.199340343475342E+1
3.078388507183011E+9	-1.188701725006104E+1
3.078700811992505E+9	-1.188059234619141E+1
3.079013116801999E+9	-1.196409034729004E+1
3.079325421611493E+9	-1.192885589599609E+1
3.079637726420987E+9	-1.191898536682129E+1
3.079950031230481E+9	-1.191234779357910E+1
3.080262336039975E+9	-1.192422103881836E+1
3.080574640849469E+9	-1.188594341278076E+1
3.080886945658963E+9	-1.186768150329590E+1
3.081199250468457E+9	-1.187243175506592E+1
3.081511555277951E+9	-1.185264205932617E+1
3.081823860087445E+9	-1.182109260559082E+1
3.082136164896939E+9	-1.180536651611328E+1
3.082448469706433E+9	-1.177576160430908E+1
3.082760774515927E+9	-1.191557693481445E+1
3.083073079325422E+9	-1.181266117095947E+1
3.083385384134916E+9	-1.177018833160400E+1
3.083697688944410E+9	-1.183691978454590E+1
3.084009993753904E+9	-1.179581451416016E+1
3.084322298563398E+9	-1.164746284484863E+1
3.084634603372892E+9	-1.176864719390869E+1
3.084946908182386E+9	-1.175540924072266E+1
3.085259212991880E+9	-1.175365543365479E+1
3.085571517801374E+9	-1.175975990295410E+1
3.085883822610868E+9	-1.175838279724121E+1
3.086196127420362E+9	-1.171569919586182E+1
3.086508432229856E+9	-1.170750141143799E+1
3.086820737039351E+9	-1.168382740020752E+1
3.087133041848845E+9	-1.169140815734863E+1
3.087445346658339E+9	-1.171706008911133E+1
3.087757651467833E+9	-1.171672630310059E+1
3.088069956277327E+9	-1.175506496429443E+1
3.088382261086821E+9	-1.177408218383789E+1
3.088694565896315E+9	-1.166204166412354E+1
3.089006870705809E+9	-1.165628051757812E+1
3.089319175515303E+9	-1.169582176208496E+1
3.089631480324797E+9	-1.161044692993164E+1
3.089943785134291E+9	-1.162383460998535E+1
3.090256089943785E+9	-1.164035797119141E+1
3.090568394753279E+9	-1.158656311035156E+1
3.090880699562773E+9	-1.160852622985840E+1
3.091193004372267E+9	-1.162151145935059E+1
3.091505309181761E+9	-1.166001129150391E+1
3.091817613991255E+9	-1.162741184234619E+1
3.092129918800750E+9	-1.158433723449707E+1
3.092442223610244E+9	-1.161850833892822E+1
3.092754528419738E+9	-1.163054084777832E+1
3.093066833229232E+9	-1.157850074768066E+1
3.093379138038726E+9	-1.158428955078125E+1
3.093691442848220E+9	-1.167261505126953E+1
3.094003747657714E+9	-1.164620590209961E+1
3.094316052467208E+9	-1.167887878417969E+1
3.094628357276702E+9	-1.168302059173584E+1
3.094940662086196E+9	-1.160626602172852E+1
3.095252966895690E+9	-1.164012241363525E+1
3.095565271705184E+9	-1.163557147979736E+1
3.095877576514678E+9	-1.157952308654785E+1
3.096189881324172E+9	-1.160568809509277E+1
3.096502186133667E+9	-1.157118511199951E+1
3.096814490943161E+9	-1.152125740051270E+1
3.097126795752655E+9	-1.157638454437256E+1
3.097439100562149E+9	-1.157702350616455E+1
3.097751405371643E+9	-1.164640617370605E+1
3.098063710181137E+9	-1.167720603942871E+1
3.098376014990631E+9	-1.156304740905762E+1
3.098688319800125E+9	-1.161101818084717E+1
3.099000624609619E+9	-1.164935493469238E+1
3.099312929419113E+9	-1.167168807983398E+1
3.099625234228607E+9	-1.167847442626953E+1
3.099937539038101E+9	-1.167572116851807E+1
3.100249843847595E+9	-1.163529682159424E+1
3.100562148657089E+9	-1.169342422485352E+1
3.100874453466583E+9	-1.171131134033203E+1
3.101186758276077E+9	-1.167068862915039E+1
3.101499063085571E+9	-1.173507595062256E+1
3.101811367895066E+9	-1.170830154418945E+1
3.102123672704560E+9	-1.176806449890137E+1
3.102435977514054E+9	-1.178629493713379E+1
3.102748282323548E+9	-1.176287651062012E+1
3.103060587133042E+9	-1.178975200653076E+1
3.103372891942536E+9	-1.180922794342041E+1
3.103685196752030E+9	-1.178371810913086E+1
3.103997501561524E+9	-1.184730243682861E+1
3.104309806371018E+9	-1.177928352355957E+1
3.104622111180512E+9	-1.184144973754883E+1
3.104934415990006E+9	-1.174574279785156E+1
3.105246720799500E+9	-1.179074954986572E+1
3.105559025608994E+9	-1.175317096710205E+1
3.105871330418488E+9	-1.182195568084717E+1
3.106183635227983E+9	-1.186452007293701E+1
3.106495940037477E+9	-1.188856792449951E+1
3.106808244846971E+9	-1.187657260894775E+1
3.107120549656465E+9	-1.182999706268311E+1
3.107432854465959E+9	-1.175617980957031E+1
3.107745159275453E+9	-1.187001705169678E+1
3.108057464084947E+9	-1.191095256805420E+1
3.108369768894441E+9	-1.192376995086670E+1
3.108682073703935E+9	-1.194068813323975E+1
3.108994378513429E+9	-1.197658729553223E+1
3.109306683322923E+9	-1.196197700500488E+1
3.109618988132417E+9	-1.192357540130615E+1
3.109931292941911E+9	-1.194686698913574E+1
3.110243597751405E+9	-1.195754051208496E+1
3.110555902560899E+9	-1.193925285339355E+1
3.110868207370394E+9	-1.195167827606201E+1
3.111180512179888E+9	-1.195801639556885E+1
3.111492816989382E+9	-1.195255851745605E+1
3.111805121798876E+9	-1.196375656127930E+1
3.112117426608370E+9	-1.197378635406494E+1
3.112429731417864E+9	-1.187532806396484E+1
3.112742036227358E+9	-1.198474407196045E+1
3.113054341036852E+9	-1.201364898681641E+1
3.113366645846346E+9	-1.193039417266846E+1
3.113678950655840E+9	-1.196433162689209E+1
3.113991255465334E+9	-1.193819713592529E+1
3.114303560274828E+9	-1.197214221954346E+1
3.114615865084322E+9	-1.191837024688721E+1
3.114928169893816E+9	-1.200868892669678E+1
3.115240474703310E+9	-1.199171829223633E+1
3.115552779512805E+9	-1.194037914276123E+1
3.115865084322299E+9	-1.201134109497070E+1
3.116177389131793E+9	-1.199232006072998E+1
3.116489693941287E+9	-1.200477504730225E+1
3.116801998750781E+9	-1.198892211914062E+1
3.117114303560275E+9	-1.201580619812012E+1
3.117426608369769E+9	-1.200849342346191E+1
3.117738913179263E+9	-1.199919414520264E+1
3.118051217988757E+9	-1.199307250976562E+1
3.118363522798251E+9	-1.203380680084229E+1
3.118675827607745E+9	-1.190633296966553E+1
3.118988132417239E+9	-1.195328617095947E+1
3.119300437226733E+9	-1.180232715606689E+1
3.119612742036227E+9	-1.194416427612305E+1
3.119925046845721E+9	-1.198811054229736E+1
3.120237351655215E+9	-1.190158557891846E+1
3.120549656464710E+9	-1.193960285186768E+1
3.120861961274204E+9	-1.193421459197998E+1
3.121174266083698E+9	-1.183599662780762E+1
3.121486570893192E+9	-1.192922115325928E+1
3.121798875702686E+9	-1.187573528289795E+1
3.122111180512180E+9	-1.190529823303223E+1
3.122423485321674E+9	-1.187403678894043E+1
3.122735790131168E+9	-1.183300018310547E+1
3.123048094940662E+9	-1.187132740020752E+1
3.123360399750156E+9	-1.184580898284912E+1
3.123672704559650E+9	-1.189703559875488E+1
3.123985009369144E+9	-1.185293674468994E+1
3.124297314178638E+9	-1.179592418670654E+1
3.124609618988132E+9	-1.189084911346436E+1
3.124921923797626E+9	-1.184795475006104E+1
3.125234228607121E+9	-1.182534694671631E+1
3.125546533416615E+9	-1.180319404602051E+1
3.125858838226109E+9	-1.187089347839355E+1
3.126171143035603E+9	-1.188952159881592E+1
3.126483447845097E+9	-1.183197975158691E+1
3.126795752654591E+9	-1.176607990264893E+1
3.127108057464085E+9	-1.167139339447021E+1
3.127420362273579E+9	-1.171860599517822E+1
3.127732667083073E+9	-1.174258232116699E+1
3.128044971892567E+9	-1.169577217102051E+1
3.128357276702061E+9	-1.175312137603760E+1
3.128669581511555E+9	-1.170480823516846E+1
3.128981886321049E+9	-1.173332309722900E+1
3.129294191130543E+9	-1.170959377288818E+1
3.129606495940038E+9	-1.190827465057373E+1
3.129918800749532E+9	-1.173825931549072E+1
3.130231105559026E+9	-1.183704376220703E+1
3.130543410368520E+9	-1.181565666198730E+1
3.130855715178014E+9	-1.186687469482422E+1
3.131168019987508E+9	-1.183187389373779E+1
3.131480324797002E+9	-1.184834003448486E+1
3.131792629606496E+9	-1.189296436309814E+1
3.132104934415990E+9	-1.186451148986816E+1
3.132417239225484E+9	-1.187385463714600E+1
3.132729544034978E+9	-1.185566520690918E+1
3.133041848844472E+9	-1.180738830566406E+1
3.133354153653966E+9	-1.185403156280518E+1
3.133666458463460E+9	-1.182632732391357E+1
3.133978763272954E+9	-1.190451049804687E+1
3.134291068082448E+9	-1.194251060485840E+1
3.134603372891942E+9	-1.190993499755859E+1
3.134915677701437E+9	-1.187103748321533E+1
3.135227982510931E+9	-1.190868663787842E+1
3.135540287320425E+9	-1.194218826293945E+1
3.135852592129919E+9	-1.192874050140381E+1
3.136164896939413E+9	-1.188975524902344E+1
3.136477201748907E+9	-1.186767387390137E+1
3.136789506558401E+9	-1.200583839416504E+1
3.137101811367895E+9	-1.201639842987061E+1
3.137414116177389E+9	-1.204742527008057E+1
3.137726420986883E+9	-1.208304882049561E+1
3.138038725796377E+9	-1.205185985565186E+1
3.138351030605871E+9	-1.204744529724121E+1
3.138663335415365E+9	-1.208294582366943E+1
3.138975640224859E+9	-1.208773422241211E+1
3.139287945034354E+9	-1.203957080841064E+1
3.139600249843848E+9	-1.216921043395996E+1
3.139912554653342E+9	-1.222298717498779E+1
3.140224859462836E+9	-1.226076698303223E+1
3.140537164272330E+9	-1.230057334899902E+1
3.140849469081824E+9	-1.233697319030762E+1
3.141161773891318E+9	-1.227886295318604E+1
3.141474078700812E+9	-1.228954887390137E+1
3.141786383510306E+9	-1.243613147735596E+1
3.142098688319800E+9	-1.242244625091553E+1
3.142410993129294E+9	-1.248208904266357E+1
3.142723297938788E+9	-1.252471160888672E+1
3.143035602748282E+9	-1.261298942565918E+1
3.143347907557776E+9	-1.254619884490967E+1
3.143660212367270E+9	-1.260750007629395E+1
3.143972517176764E+9	-1.263690090179443E+1
3.144284821986259E+9	-1.266381549835205E+1
3.144597126795753E+9	-1.269293022155762E+1
3.144909431605247E+9	-1.279082012176514E+1
3.145221736414741E+9	-1.261896514892578E+1
3.145534041224235E+9	-1.281301879882812E+1
3.145846346033729E+9	-1.282575035095215E+1
3.146158650843223E+9	-1.280193805694580E+1
3.146470955652717E+9	-1.290196418762207E+1
3.146783260462211E+9	-1.292745399475098E+1
3.147095565271705E+9	-1.279997158050537E+1
3.147407870081199E+9	-1.288918018341064E+1
3.147720174890693E+9	-1.294334793090820E+1
3.148032479700187E+9	-1.301369285583496E+1
3.148344784509682E+9	-1.298956775665283E+1
3.148657089319176E+9	-1.304878044128418E+1
3.148969394128670E+9	-1.293875026702881E+1
3.149281698938164E+9	-1.300626182556152E+1
3.149594003747658E+9	-1.307625102996826E+1
3.149906308557152E+9	-1.308144855499268E+1
3.150218613366646E+9	-1.292527866363525E+1
3.150530918176140E+9	-1.315035629272461E+1
3.150843222985634E+9	-1.313591194152832E+1
3.151155527795128E+9	-1.316189289093018E+1
3.151467832604622E+9	-1.323426723480225E+1
3.151780137414116E+9	-1.320291423797607E+1
3.152092442223610E+9	-1.329209613800049E+1
3.152404747033104E+9	-1.333641624450684E+1
3.152717051842598E+9	-1.341850280761719E+1
3.153029356652092E+9	-1.341067409515381E+1
3.153341661461586E+9	-1.347456645965576E+1
3.153653966271080E+9	-1.350207424163818E+1
3.153966271080575E+9	-1.363158607482910E+1
3.154278575890069E+9	-1.378870010375977E+1
3.154590880699563E+9	-1.388703727722168E+1
3.154903185509057E+9	-1.402816486358643E+1
3.155215490318551E+9	-1.411516952514648E+1
3.155527795128045E+9	-1.432378864288330E+1
3.155840099937539E+9	-1.451934051513672E+1
3.156152404747033E+9	-1.450369167327881E+1
3.156464709556527E+9	-1.478148269653320E+1
3.156777014366021E+9	-1.500207996368408E+1
3.157089319175515E+9	-1.521285724639893E+1
3.157401623985009E+9	-1.557767200469971E+1
3.157713928794503E+9	-1.580305099487305E+1
3.158026233603998E+9	-1.627675819396973E+1
3.158338538413492E+9	-1.665786170959473E+1
3.158650843222986E+9	-1.716040420532227E+1
3.158963148032480E+9	-1.761796569824219E+1
3.159275452841974E+9	-1.817654228210449E+1
3.159587757651468E+9	-1.895323181152344E+1
3.159900062460962E+9	-1.977549171447754E+1
3.160212367270456E+9	-2.083293151855469E+1
3.160524672079950E+9	-2.177120590209961E+1
3.160836976889444E+9	-2.333698654174805E+1
3.161149281698938E+9	-2.491103553771973E+1
3.161461586508432E+9	-2.738939476013184E+1
3.161773891317926E+9	-2.991121482849121E+1
3.162086196127420E+9	-3.087396621704102E+1
3.162398500936914E+9	-3.194319343566895E+1
3.162710805746408E+9	-2.951564788818359E+1
3.163023110555902E+9	-2.732368087768555E+1
3.163335415365396E+9	-2.489507865905762E+1
3.163647720174891E+9	-2.304747009277344E+1
3.163960024984385E+9	-2.177753448486328E+1
3.164272329793879E+9	-2.038712882995605E+1
3.164584634603373E+9	-1.941192436218262E+1
3.164896939412867E+9	-1.871714019775391E+1
3.165209244222361E+9	-1.798426055908203E+1
3.165521549031855E+9	-1.733011627197266E+1
3.165833853841349E+9	-1.665381431579590E+1
3.166146158650843E+9	-1.639520835876465E+1
3.166458463460337E+9	-1.600564002990723E+1
3.166770768269831E+9	-1.565794181823730E+1
3.167083073079326E+9	-1.537989044189453E+1
3.167395377888820E+9	-1.516421604156494E+1
3.167707682698314E+9	-1.487666797637939E+1
3.168019987507808E+9	-1.476870632171631E+1
3.168332292317302E+9	-1.458620643615723E+1
3.168644597126796E+9	-1.437198638916016E+1
3.168956901936290E+9	-1.423764038085937E+1
3.169269206745784E+9	-1.404714965820312E+1
3.169581511555278E+9	-1.401352024078369E+1
3.169893816364772E+9	-1.392023468017578E+1
3.170206121174266E+9	-1.387546920776367E+1
3.170518425983760E+9	-1.371404457092285E+1
3.170830730793254E+9	-1.364643764495850E+1
3.171143035602748E+9	-1.364260482788086E+1
3.171455340412242E+9	-1.356283092498779E+1
3.171767645221736E+9	-1.351668739318848E+1
3.172079950031230E+9	-1.351345348358154E+1
3.172392254840724E+9	-1.341805267333984E+1
3.172704559650218E+9	-1.344975185394287E+1
3.173016864459713E+9	-1.343880176544189E+1
3.173329169269207E+9	-1.344957923889160E+1
3.173641474078701E+9	-1.336568546295166E+1
3.173953778888195E+9	-1.336128139495850E+1
3.174266083697689E+9	-1.333220005035400E+1
3.174578388507183E+9	-1.325522422790527E+1
3.174890693316677E+9	-1.337646198272705E+1
3.175202998126171E+9	-1.325074481964111E+1
3.175515302935665E+9	-1.325939941406250E+1
3.175827607745159E+9	-1.319408226013184E+1
3.176139912554653E+9	-1.325131130218506E+1
3.176452217364147E+9	-1.322902393341064E+1
3.176764522173642E+9	-1.320983600616455E+1
3.177076826983136E+9	-1.324535655975342E+1
3.177389131792630E+9	-1.324893474578857E+1
3.177701436602124E+9	-1.324602317810059E+1
3.178013741411618E+9	-1.326917552947998E+1
3.178326046221112E+9	-1.321386337280273E+1
3.178638351030606E+9	-1.314863109588623E+1
3.178950655840100E+9	-1.322261714935303E+1
3.179262960649594E+9	-1.312911796569824E+1
3.179575265459088E+9	-1.322492027282715E+1
3.179887570268582E+9	-1.312260532379150E+1
3.180199875078076E+9	-1.312163066864014E+1
3.180512179887570E+9	-1.303679943084717E+1
3.180824484697064E+9	-1.319056034088135E+1
3.181136789506558E+9	-1.312354850769043E+1
3.181449094316052E+9	-1.303440093994141E+1
3.181761399125546E+9	-1.311089324951172E+1
3.182073703935040E+9	-1.305555725097656E+1
3.182386008744534E+9	-1.301405811309814E+1
3.182698313554029E+9	-1.303225135803223E+1
3.183010618363523E+9	-1.296849346160889E+1
3.183322923173017E+9	-1.297512149810791E+1
3.183635227982511E+9	-1.306155395507812E+1
3.183947532792005E+9	-1.299576950073242E+1
3.184259837601499E+9	-1.300242614746094E+1
3.184572142410993E+9	-1.303391838073730E+1
3.184884447220487E+9	-1.288618373870850E+1
3.185196752029981E+9	-1.298403453826904E+1
3.185509056839475E+9	-1.293898296356201E+1
3.185821361648970E+9	-1.287524604797363E+1
3.186133666458464E+9	-1.282758903503418E+1
3.186445971267958E+9	-1.294050312042236E+1
3.186758276077452E+9	-1.288437652587891E+1
3.187070580886946E+9	-1.290336036682129E+1
3.187382885696440E+9	-1.302484035491943E+1
3.187695190505934E+9	-1.287026596069336E+1
3.188007495315428E+9	-1.289640617370605E+1
3.188319800124922E+9	-1.288233757019043E+1
3.188632104934416E+9	-1.293053817749023E+1
3.188944409743910E+9	-1.293143653869629E+1
3.189256714553404E+9	-1.289199352264404E+1
3.189569019362898E+9	-1.291418457031250E+1
3.189881324172392E+9	-1.290519237518311E+1
3.190193628981886E+9	-1.285850715637207E+1
3.190505933791380E+9	-1.291733169555664E+1
3.190818238600874E+9	-1.289597511291504E+1
3.191130543410368E+9	-1.289194107055664E+1
3.191442848219862E+9	-1.281465339660645E+1
3.191755153029356E+9	-1.284936332702637E+1
3.192067457838851E+9	-1.282344627380371E+1
3.192379762648345E+9	-1.291745758056641E+1
3.192692067457839E+9	-1.284942531585693E+1
3.193004372267333E+9	-1.289094734191895E+1
3.193316677076827E+9	-1.294312763214111E+1
3.193628981886321E+9	-1.284477329254150E+1
3.193941286695815E+9	-1.291774177551270E+1
3.194253591505309E+9	-1.289633369445801E+1
3.194565896314803E+9	-1.286460018157959E+1
3.194878201124297E+9	-1.278666877746582E+1
3.195190505933791E+9	-1.290318870544434E+1
3.195502810743286E+9	-1.289870738983154E+1
3.195815115552780E+9	-1.296516895294189E+1
3.196127420362274E+9	-1.297714328765869E+1
3.196439725171768E+9	-1.294572925567627E+1
3.196752029981262E+9	-1.291757202148437E+1
3.197064334790756E+9	-1.288201522827148E+1
3.197376639600250E+9	-1.295467090606689E+1
3.197688944409744E+9	-1.300476360321045E+1
3.198001249219238E+9	-1.297017765045166E+1
3.198313554028732E+9	-1.297766780853271E+1
3.198625858838226E+9	-1.292849826812744E+1
3.198938163647720E+9	-1.296282100677490E+1
3.199250468457214E+9	-1.300464439392090E+1
3.199562773266708E+9	-1.300711822509766E+1
3.199875078076202E+9	-1.298653697967529E+1
3.200187382885696E+9	-1.301178741455078E+1
3.200499687695190E+9	-1.298640346527100E+1
3.200811992504684E+9	-1.302150058746338E+1
3.201124297314178E+9	-1.303157711029053E+1
3.201436602123672E+9	-1.304317951202393E+1
3.201748906933167E+9	-1.305668640136719E+1
3.202061211742661E+9	-1.300051784515381E+1
3.202373516552155E+9	-1.305323982238770E+1
3.202685821361649E+9	-1.308102798461914E+1
3.202998126171143E+9	-1.295656108856201E+1
3.203310430980637E+9	-1.302951240539551E+1
3.203622735790131E+9	-1.299702167510986E+1
3.203935040599625E+9	-1.304157066345215E+1
3.204247345409119E+9	-1.311765766143799E+1
3.204559650218614E+9	-1.304815673828125E+1
3.204871955028108E+9	-1.308141994476318E+1
3.205184259837602E+9	-1.305507659912109E+1
3.205496564647096E+9	-1.312866115570068E+1
3.205808869456590E+9	-1.315865516662598E+1
3.206121174266084E+9	-1.303622055053711E+1
3.206433479075578E+9	-1.312575721740723E+1
3.206745783885072E+9	-1.312111568450928E+1
3.207058088694566E+9	-1.323463058471680E+1
3.207370393504060E+9	-1.321619033813477E+1
3.207682698313554E+9	-1.312460994720459E+1
3.207995003123048E+9	-1.320320606231689E+1
3.208307307932542E+9	-1.323437690734863E+1
3.208619612742036E+9	-1.313459491729736E+1
3.208931917551530E+9	-1.325333213806152E+1
3.209244222361024E+9	-1.322872543334961E+1
3.209556527170518E+9	-1.321963977813721E+1
3.209868831980012E+9	-1.331267929077148E+1
3.210181136789506E+9	-1.325119304656982E+1
3.210493441599000E+9	-1.319706821441650E+1
3.210805746408495E+9	-1.331922054290771E+1
3.211118051217989E+9	-1.331614208221436E+1
3.211430356027483E+9	-1.336813640594482E+1
3.211742660836977E+9	-1.327100467681885E+1
3.212054965646471E+9	-1.323146343231201E+1
3.212367270455965E+9	-1.334932518005371E+1
3.212679575265459E+9	-1.336977291107178E+1
3.212991880074953E+9	-1.344185924530029E+1
3.213304184884447E+9	-1.348632526397705E+1
3.213616489693941E+9	-1.349240016937256E+1
3.213928794503435E+9	-1.340180587768555E+1
3.214241099312930E+9	-1.342225837707520E+1
3.214553404122424E+9	-1.338755893707275E+1
3.214865708931918E+9	-1.348468971252441E+1
3.215178013741412E+9	-1.346510887145996E+1
3.215490318550906E+9	-1.349790859222412E+1
3.215802623360400E+9	-1.348239231109619E+1
3.216114928169894E+9	-1.357871150970459E+1
3.216427232979388E+9	-1.356753730773926E+1
3.216739537788882E+9	-1.363128471374512E+1
3.217051842598376E+9	-1.361260223388672E+1
3.217364147407870E+9	-1.360931015014648E+1
3.217676452217364E+9	-1.366972351074219E+1
3.217988757026858E+9	-1.365727996826172E+1
3.218301061836352E+9	-1.362582302093506E+1
3.218613366645846E+9	-1.370967006683350E+1
3.218925671455340E+9	-1.372702693939209E+1
3.219237976264834E+9	-1.375083446502686E+1
3.219550281074328E+9	-1.371961593627930E+1
3.219862585883822E+9	-1.371929264068604E+1
3.220174890693316E+9	-1.374436378479004E+1
3.220487195502811E+9	-1.376548957824707E+1
3.220799500312305E+9	-1.375634765625000E+1
3.221111805121799E+9	-1.375162410736084E+1
3.221424109931293E+9	-1.385986995697021E+1
3.221736414740787E+9	-1.392979240417480E+1
3.222048719550281E+9	-1.395141315460205E+1
3.222361024359775E+9	-1.388818836212158E+1
3.222673329169269E+9	-1.399467658996582E+1
3.222985633978763E+9	-1.398973464965820E+1
3.223297938788258E+9	-1.399374389648437E+1
3.223610243597752E+9	-1.396165370941162E+1
3.223922548407246E+9	-1.403449726104736E+1
3.224234853216740E+9	-1.384839344024658E+1
3.224547158026234E+9	-1.403501033782959E+1
3.224859462835728E+9	-1.402262115478516E+1
3.225171767645222E+9	-1.400410366058350E+1
3.225484072454716E+9	-1.406704902648926E+1
3.225796377264210E+9	-1.408240413665771E+1
3.226108682073704E+9	-1.398034477233887E+1
3.226420986883198E+9	-1.399517631530762E+1
3.226733291692692E+9	-1.411288547515869E+1
3.227045596502186E+9	-1.403084945678711E+1
3.227357901311680E+9	-1.405187702178955E+1
3.227670206121174E+9	-1.409257221221924E+1
3.227982510930668E+9	-1.419651317596436E+1
3.228294815740162E+9	-1.427178859710693E+1
3.228607120549656E+9	-1.418348503112793E+1
3.228919425359150E+9	-1.413229370117187E+1
3.229231730168644E+9	-1.416530895233154E+1
3.229544034978139E+9	-1.416179466247559E+1
3.229856339787633E+9	-1.415600585937500E+1
3.230168644597127E+9	-1.430126094818115E+1
3.230480949406621E+9	-1.431570339202881E+1
3.230793254216115E+9	-1.431694030761719E+1
3.231105559025609E+9	-1.430402374267578E+1
3.231417863835103E+9	-1.425618076324463E+1
3.231730168644597E+9	-1.435241127014160E+1
3.232042473454091E+9	-1.429698562622070E+1
3.232354778263585E+9	-1.441537475585937E+1
3.232667083073079E+9	-1.444533252716064E+1
3.232979387882574E+9	-1.439332199096680E+1
3.233291692692068E+9	-1.442334747314453E+1
3.233603997501562E+9	-1.442476463317871E+1
3.233916302311056E+9	-1.455747890472412E+1
3.234228607120550E+9	-1.449298286437988E+1
3.234540911930044E+9	-1.447969627380371E+1
3.234853216739538E+9	-1.451918983459473E+1
3.235165521549032E+9	-1.457455444335937E+1
3.235477826358526E+9	-1.442888355255127E+1
3.235790131168020E+9	-1.461161708831787E+1
3.236102435977514E+9	-1.463463687896729E+1
3.236414740787008E+9	-1.464389896392822E+1
3.236727045596502E+9	-1.462948226928711E+1
3.237039350405996E+9	-1.457971286773682E+1
3.237351655215490E+9	-1.468877506256104E+1
3.237663960024984E+9	-1.457615661621094E+1
3.237976264834478E+9	-1.475164222717285E+1
3.238288569643972E+9	-1.460949230194092E+1
3.238600874453466E+9	-1.469576930999756E+1
3.238913179262960E+9	-1.472871208190918E+1
3.239225484072455E+9	-1.468541049957275E+1
3.239537788881949E+9	-1.473537731170654E+1
3.239850093691443E+9	-1.470630836486816E+1
3.240162398500937E+9	-1.485949802398682E+1
3.240474703310431E+9	-1.476484203338623E+1
3.240787008119925E+9	-1.487796688079834E+1
3.241099312929419E+9	-1.483884239196777E+1
3.241411617738913E+9	-1.484948539733887E+1
3.241723922548407E+9	-1.488719844818115E+1
3.242036227357902E+9	-1.496857643127441E+1
3.242348532167396E+9	-1.500131225585937E+1
3.242660836976890E+9	-1.511127567291260E+1
3.242973141786384E+9	-1.510626506805420E+1
3.243285446595878E+9	-1.496913433074951E+1
3.243597751405372E+9	-1.510781955718994E+1
3.243910056214866E+9	-1.506425952911377E+1
3.244222361024360E+9	-1.508291816711426E+1
3.244534665833854E+9	-1.522442817687988E+1
3.244846970643348E+9	-1.529307842254639E+1
3.245159275452842E+9	-1.533918380737305E+1
3.245471580262336E+9	-1.535861587524414E+1
3.245783885071830E+9	-1.542402172088623E+1
3.246096189881324E+9	-1.536656188964844E+1
3.246408494690818E+9	-1.544402408599854E+1
3.246720799500312E+9	-1.556844234466553E+1
3.247033104309806E+9	-1.551647949218750E+1
3.247345409119300E+9	-1.552624607086182E+1
3.247657713928794E+9	-1.559538555145264E+1
3.247970018738288E+9	-1.569012641906738E+1
3.248282323547783E+9	-1.560204315185547E+1
3.248594628357277E+9	-1.559467220306396E+1
3.248906933166771E+9	-1.567128467559814E+1
3.249219237976265E+9	-1.584836006164551E+1
3.249531542785759E+9	-1.580631065368652E+1
3.249843847595253E+9	-1.584570217132568E+1
3.250156152404747E+9	-1.584066295623779E+1
3.250468457214241E+9	-1.596009731292725E+1
3.250780762023735E+9	-1.591335391998291E+1
3.251093066833229E+9	-1.596679878234863E+1
3.251405371642723E+9	-1.602005577087402E+1
3.251717676452218E+9	-1.598028659820557E+1
3.252029981261712E+9	-1.602269363403320E+1
3.252342286071206E+9	-1.597235012054443E+1
3.252654590880700E+9	-1.596782112121582E+1
3.252966895690194E+9	-1.596594524383545E+1
3.253279200499688E+9	-1.612087249755859E+1
3.253591505309182E+9	-1.606888580322266E+1
3.253903810118676E+9	-1.598493576049805E+1
3.254216114928170E+9	-1.597525978088379E+1
3.254528419737664E+9	-1.595217800140381E+1
3.254840724547158E+9	-1.598869419097900E+1
3.255153029356652E+9	-1.582772922515869E+1
3.255465334166146E+9	-1.591660976409912E+1
3.255777638975640E+9	-1.580506896972656E+1
3.256089943785134E+9	-1.584615993499756E+1
3.256402248594628E+9	-1.601371383666992E+1
3.256714553404122E+9	-1.591648674011230E+1
3.257026858213616E+9	-1.590684604644775E+1
3.257339163023110E+9	-1.597020626068115E+1
3.257651467832604E+9	-1.586740779876709E+1
3.257963772642099E+9	-1.596458435058594E+1
3.258276077451593E+9	-1.587265968322754E+1
3.258588382261087E+9	-1.587884330749512E+1
3.258900687070581E+9	-1.570017528533936E+1
3.259212991880075E+9	-1.598867988586426E+1
3.259525296689569E+9	-1.602884101867676E+1
3.259837601499063E+9	-1.603499984741211E+1
3.260149906308557E+9	-1.611416625976562E+1
3.260462211118051E+9	-1.605592346191406E+1
3.260774515927546E+9	-1.616736984252930E+1
3.261086820737040E+9	-1.600439262390137E+1
3.261399125546534E+9	-1.602068519592285E+1
3.261711430356028E+9	-1.620734786987305E+1
3.262023735165522E+9	-1.617695236206055E+1
3.262336039975016E+9	-1.618471908569336E+1
3.262648344784510E+9	-1.628377723693848E+1
3.262960649594004E+9	-1.626090431213379E+1
3.263272954403498E+9	-1.629768371582031E+1
3.263585259212992E+9	-1.622188758850098E+1
3.263897564022486E+9	-1.629775428771973E+1
3.264209868831980E+9	-1.628918457031250E+1
3.264522173641474E+9	-1.614691543579102E+1
3.264834478450968E+9	-1.621627807617187E+1
3.265146783260462E+9	-1.632697296142578E+1
3.265459088069956E+9	-1.635453796386719E+1
3.265771392879450E+9	-1.630572128295898E+1
3.266083697688944E+9	-1.623567581176758E+1
3.266396002498438E+9	-1.622377395629883E+1
3.266708307307932E+9	-1.621069908142090E+1
3.267020612117427E+9	-1.639772415161133E+1
3.267332916926921E+9	-1.626881980895996E+1
3.267645221736415E+9	-1.632724189758301E+1
3.267957526545909E+9	-1.632106018066406E+1
3.268269831355403E+9	-1.636393547058105E+1
3.268582136164897E+9	-1.634414100646973E+1
3.268894440974391E+9	-1.636964225769043E+1
3.269206745783885E+9	-1.645246505737305E+1
3.269519050593379E+9	-1.637121582031250E+1
3.269831355402873E+9	-1.639015769958496E+1
3.270143660212367E+9	-1.630927276611328E+1
3.270455965021862E+9	-1.647130775451660E+1
3.270768269831356E+9	-1.644558525085449E+1
3.271080574640850E+9	-1.656612777709961E+1
3.271392879450344E+9	-1.642145538330078E+1
3.271705184259838E+9	-1.659019851684570E+1
3.272017489069332E+9	-1.666196250915527E+1
3.272329793878826E+9	-1.672433280944824E+1
3.272642098688320E+9	-1.650984954833984E+1
3.272954403497814E+9	-1.669229316711426E+1
3.273266708307308E+9	-1.684287643432617E+1
3.273579013116802E+9	-1.672395515441895E+1
3.273891317926296E+9	-1.688661193847656E+1
3.274203622735790E+9	-1.685601425170898E+1
3.274515927545284E+9	-1.691052818298340E+1
3.274828232354778E+9	-1.687814331054687E+1
3.275140537164272E+9	-1.694905471801758E+1
3.275452841973766E+9	-1.707344818115234E+1
3.275765146783260E+9	-1.699123382568359E+1
3.276077451592754E+9	-1.712419891357422E+1
3.276389756402248E+9	-1.713818168640137E+1
3.276702061211743E+9	-1.729296302795410E+1
3.277014366021237E+9	-1.728430366516113E+1
3.277326670830731E+9	-1.719702911376953E+1
3.277638975640225E+9	-1.739715766906738E+1
3.277951280449719E+9	-1.750108528137207E+1
3.278263585259213E+9	-1.738775825500488E+1
3.278575890068707E+9	-1.750741386413574E+1
3.278888194878201E+9	-1.756172561645508E+1
3.279200499687695E+9	-1.766036605834961E+1
3.279512804497190E+9	-1.768947601318359E+1
3.279825109306684E+9	-1.785585784912109E+1
3.280137414116178E+9	-1.790660667419434E+1
3.280449718925672E+9	-1.785295867919922E+1
3.280762023735166E+9	-1.786798095703125E+1
3.281074328544660E+9	-1.798017311096191E+1
3.281386633354154E+9	-1.791972732543945E+1
3.281698938163648E+9	-1.822220611572266E+1
3.282011242973142E+9	-1.816873931884766E+1
3.282323547782636E+9	-1.827073669433594E+1
3.282635852592130E+9	-1.825271224975586E+1
3.282948157401624E+9	-1.835513305664062E+1
3.283260462211118E+9	-1.840944480895996E+1
3.283572767020612E+9	-1.846686935424805E+1
3.283885071830106E+9	-1.860089111328125E+1
3.284197376639600E+9	-1.867892837524414E+1
3.284509681449094E+9	-1.874423980712891E+1
3.284821986258588E+9	-1.860636901855469E+1
3.285134291068082E+9	-1.877534866333008E+1
3.285446595877576E+9	-1.884086418151855E+1
3.285758900687071E+9	-1.897616386413574E+1
3.286071205496565E+9	-1.891555404663086E+1
3.286383510306059E+9	-1.905258941650391E+1
3.286695815115553E+9	-1.918129920959473E+1
3.287008119925047E+9	-1.913663673400879E+1
3.287320424734541E+9	-1.920121192932129E+1
3.287632729544035E+9	-1.909934997558594E+1
3.287945034353529E+9	-1.931083106994629E+1
3.288257339163023E+9	-1.921374893188477E+1
3.288569643972517E+9	-1.937380790710449E+1
3.288881948782011E+9	-1.947747230529785E+1
3.289194253591506E+9	-1.963386154174805E+1
3.289506558401000E+9	-1.984519767761230E+1
3.289818863210494E+9	-1.984296035766602E+1
3.290131168019988E+9	-1.993314933776855E+1
3.290443472829482E+9	-2.007810211181641E+1
3.290755777638976E+9	-2.015541267395020E+1
3.291068082448470E+9	-2.021766090393066E+1
3.291380387257964E+9	-2.043293190002441E+1
3.291692692067458E+9	-2.052280616760254E+1
3.292004996876952E+9	-2.065524101257324E+1
3.292317301686446E+9	-2.058949661254883E+1
3.292629606495940E+9	-2.096618652343750E+1
3.292941911305434E+9	-2.104068946838379E+1
3.293254216114928E+9	-2.094981575012207E+1
3.293566520924422E+9	-2.132068824768066E+1
3.293878825733916E+9	-2.125736808776855E+1
3.294191130543410E+9	-2.164113044738770E+1
3.294503435352904E+9	-2.150210380554199E+1
3.294815740162398E+9	-2.191732597351074E+1
3.295128044971892E+9	-2.198551559448242E+1
3.295440349781387E+9	-2.199660491943359E+1
3.295752654590881E+9	-2.209699440002441E+1
3.296064959400375E+9	-2.209615135192871E+1
3.296377264209869E+9	-2.248453330993652E+1
3.296689569019363E+9	-2.292926216125488E+1
3.297001873828857E+9	-2.268312835693359E+1
3.297314178638351E+9	-2.293126296997070E+1
3.297626483447845E+9	-2.296172904968262E+1
3.297938788257339E+9	-2.324170303344727E+1
3.298251093066833E+9	-2.354890823364258E+1
3.298563397876328E+9	-2.341033935546875E+1
3.298875702685822E+9	-2.369189071655273E+1
3.299188007495316E+9	-2.369186973571777E+1
3.299500312304810E+9	-2.401620292663574E+1
3.299812617114304E+9	-2.415325927734375E+1
3.300124921923798E+9	-2.385640335083008E+1
3.300437226733292E+9	-2.437442588806152E+1
3.300749531542786E+9	-2.420114517211914E+1
3.301061836352280E+9	-2.424853134155273E+1
3.301374141161774E+9	-2.436573410034180E+1
3.301686445971268E+9	-2.443749427795410E+1
3.301998750780762E+9	-2.443570137023926E+1
3.302311055590256E+9	-2.436869430541992E+1
3.302623360399750E+9	-2.424408721923828E+1
3.302935665209244E+9	-2.411965560913086E+1
3.303247970018738E+9	-2.393269538879395E+1
3.303560274828232E+9	-2.375757408142090E+1
3.303872579637726E+9	-2.370016288757324E+1
3.304184884447220E+9	-2.315345954895020E+1
3.304497189256715E+9	-2.324255561828613E+1
3.304809494066209E+9	-2.315554046630859E+1
3.305121798875703E+9	-2.280385017395020E+1
3.305434103685197E+9	-2.248845481872559E+1
3.305746408494691E+9	-2.226587104797363E+1
3.306058713304185E+9	-2.188484001159668E+1
3.306371018113679E+9	-2.175968742370605E+1
3.306683322923173E+9	-2.149596214294434E+1
3.306995627732667E+9	-2.133821678161621E+1
3.307307932542161E+9	-2.110037422180176E+1
3.307620237351655E+9	-2.098207855224609E+1
3.307932542161149E+9	-2.065119934082031E+1
3.308244846970644E+9	-2.046976280212402E+1
3.308557151780138E+9	-2.031486511230469E+1
3.308869456589632E+9	-2.003633689880371E+1
3.309181761399126E+9	-2.004567337036133E+1
3.309494066208620E+9	-1.991302871704102E+1
3.309806371018114E+9	-1.972856903076172E+1
3.310118675827608E+9	-1.972582817077637E+1
3.310430980637102E+9	-1.963964080810547E+1
3.310743285446596E+9	-1.946617889404297E+1
3.311055590256090E+9	-1.949926757812500E+1
3.311367895065584E+9	-1.952479743957520E+1
3.311680199875078E+9	-1.949366188049316E+1
3.311992504684572E+9	-1.948006248474121E+1
3.312304809494066E+9	-1.949136924743652E+1
3.312617114303560E+9	-1.950159835815430E+1
3.312929419113054E+9	-1.962138366699219E+1
3.313241723922548E+9	-1.961089897155762E+1
3.313554028732042E+9	-1.956488418579102E+1
3.313866333541536E+9	-1.956409835815430E+1
3.314178638351031E+9	-1.977256393432617E+1
3.314490943160525E+9	-1.974265861511230E+1
3.314803247970019E+9	-1.984185600280762E+1
3.315115552779513E+9	-1.999368667602539E+1
3.315427857589007E+9	-1.985220909118652E+1
3.315740162398501E+9	-2.003545188903809E+1
3.316052467207995E+9	-2.017650413513184E+1
3.316364772017489E+9	-2.016161537170410E+1
3.316677076826983E+9	-2.019965934753418E+1
3.316989381636477E+9	-2.037946701049805E+1
3.317301686445971E+9	-2.023319435119629E+1
3.317613991255466E+9	-2.041929435729980E+1
3.317926296064960E+9	-2.046716880798340E+1
3.318238600874454E+9	-2.035543251037598E+1
3.318550905683948E+9	-2.076202583312988E+1
3.318863210493442E+9	-2.067687416076660E+1
3.319175515302936E+9	-2.057993316650391E+1
3.319487820112430E+9	-2.074135589599609E+1
3.319800124921924E+9	-2.088471794128418E+1
3.320112429731418E+9	-2.098027229309082E+1
3.320424734540912E+9	-2.083741950988770E+1
3.320737039350406E+9	-2.092428016662598E+1
3.321049344159900E+9	-2.111853599548340E+1
3.321361648969394E+9	-2.108851814270020E+1
3.321673953778888E+9	-2.123557662963867E+1
3.321986258588382E+9	-2.121820068359375E+1
3.322298563397876E+9	-2.116582870483398E+1
3.322610868207370E+9	-2.114206314086914E+1
3.322923173016864E+9	-2.139013099670410E+1
3.323235477826359E+9	-2.114652252197266E+1
3.323547782635853E+9	-2.138406753540039E+1
3.323860087445347E+9	-2.152843093872070E+1
3.324172392254841E+9	-2.152820777893066E+1
3.324484697064335E+9	-2.153758811950684E+1
3.324797001873829E+9	-2.157989501953125E+1
3.325109306683323E+9	-2.183141708374023E+1
3.325421611492817E+9	-2.170228385925293E+1
3.325733916302311E+9	-2.150574111938477E+1
3.326046221111805E+9	-2.176095771789551E+1
3.326358525921299E+9	-2.176002311706543E+1
3.326670830730793E+9	-2.183249092102051E+1
3.326983135540287E+9	-2.199659538269043E+1
3.327295440349782E+9	-2.157944107055664E+1
3.327607745159276E+9	-2.190271186828613E+1
3.327920049968770E+9	-2.185148429870605E+1
3.328232354778264E+9	-2.207985496520996E+1
3.328544659587758E+9	-2.202659034729004E+1
3.328856964397252E+9	-2.195806121826172E+1
3.329169269206746E+9	-2.219695281982422E+1
3.329481574016240E+9	-2.213594245910645E+1
3.329793878825734E+9	-2.204630088806152E+1
3.330106183635228E+9	-2.215150451660156E+1
3.330418488444722E+9	-2.237113189697266E+1
3.330730793254216E+9	-2.212505149841309E+1
3.331043098063710E+9	-2.227444076538086E+1
3.331355402873204E+9	-2.207735824584961E+1
3.331667707682698E+9	-2.238368415832520E+1
3.331980012492192E+9	-2.223011398315430E+1
3.332292317301686E+9	-2.262711334228516E+1
3.332604622111180E+9	-2.234918785095215E+1
3.332916926920675E+9	-2.270466041564941E+1
3.333229231730169E+9	-2.269787788391113E+1
3.333541536539663E+9	-2.277758216857910E+1
3.333853841349157E+9	-2.302235031127930E+1
3.334166146158651E+9	-2.316880416870117E+1
3.334478450968145E+9	-2.313310241699219E+1
3.334790755777639E+9	-2.340334701538086E+1
3.335103060587133E+9	-2.346610832214355E+1
3.335415365396627E+9	-2.390666961669922E+1
3.335727670206121E+9	-2.384112358093262E+1
3.336039975015615E+9	-2.398224067687988E+1
3.336352279825109E+9	-2.410029411315918E+1
3.336664584634603E+9	-2.436504936218262E+1
3.336976889444098E+9	-2.452597236633301E+1
3.337289194253592E+9	-2.492231750488281E+1
3.337601499063086E+9	-2.463620376586914E+1
3.337913803872580E+9	-2.526760673522949E+1
3.338226108682074E+9	-2.524123764038086E+1
3.338538413491568E+9	-2.537330627441406E+1
3.338850718301062E+9	-2.574488830566406E+1
3.339163023110556E+9	-2.582534027099609E+1
3.339475327920050E+9	-2.585981369018555E+1
3.339787632729544E+9	-2.619114303588867E+1
3.340099937539038E+9	-2.621109008789062E+1
3.340412242348532E+9	-2.617395019531250E+1
3.340724547158026E+9	-2.650007247924805E+1
3.341036851967520E+9	-2.683561515808105E+1
3.341349156777014E+9	-2.632429313659668E+1
3.341661461586508E+9	-2.687121963500977E+1
3.341973766396003E+9	-2.681175613403320E+1
3.342286071205497E+9	-2.683180809020996E+1
3.342598376014991E+9	-2.653403091430664E+1
3.342910680824485E+9	-2.703095054626465E+1
3.343222985633979E+9	-2.760248565673828E+1
3.343535290443473E+9	-2.717867660522461E+1
3.343847595252967E+9	-2.741954040527344E+1
3.344159900062461E+9	-2.709654617309570E+1
3.344472204871955E+9	-2.732759857177734E+1
3.344784509681449E+9	-2.736189079284668E+1
3.345096814490943E+9	-2.734861564636230E+1
3.345409119300437E+9	-2.741016960144043E+1
3.345721424109931E+9	-2.773899841308594E+1
3.346033728919425E+9	-2.773831939697266E+1
3.346346033728920E+9	-2.740448951721191E+1
3.346658338538414E+9	-2.793253135681152E+1
3.346970643347908E+9	-2.783301925659180E+1
3.347282948157402E+9	-2.813558769226074E+1
3.347595252966896E+9	-2.791091728210449E+1
3.347907557776390E+9	-2.796854972839355E+1
3.348219862585884E+9	-2.791413879394531E+1
3.348532167395378E+9	-2.805398559570312E+1
3.348844472204872E+9	-2.791745185852051E+1
3.349156777014366E+9	-2.792939567565918E+1
3.349469081823860E+9	-2.802281379699707E+1
3.349781386633354E+9	-2.800418090820312E+1
3.350093691442848E+9	-2.798937606811523E+1
3.350405996252342E+9	-2.802226638793945E+1
3.350718301061836E+9	-2.814029693603516E+1
3.351030605871330E+9	-2.790290069580078E+1
3.351342910680824E+9	-2.833999633789062E+1
3.351655215490319E+9	-2.844851493835449E+1
3.351967520299813E+9	-2.806615638732910E+1
3.352279825109307E+9	-2.825193595886230E+1
3.352592129918801E+9	-2.813660621643066E+1
3.352904434728295E+9	-2.782573699951172E+1
3.353216739537789E+9	-2.843763351440430E+1
3.353529044347283E+9	-2.803383445739746E+1
3.353841349156777E+9	-2.786594390869141E+1
3.354153653966271E+9	-2.817053604125977E+1
3.354465958775765E+9	-2.843607521057129E+1
3.354778263585259E+9	-2.799208831787109E+1
3.355090568394753E+9	-2.836723136901855E+1
3.355402873204247E+9	-2.809038543701172E+1
3.355715178013741E+9	-2.794588851928711E+1
3.356027482823236E+9	-2.799546623229980E+1
3.356339787632730E+9	-2.760929679870605E+1
3.356652092442224E+9	-2.794780921936035E+1
3.356964397251718E+9	-2.798482131958008E+1
3.357276702061212E+9	-2.782658767700195E+1
3.357589006870706E+9	-2.812141609191895E+1
3.357901311680200E+9	-2.765287590026855E+1
3.358213616489694E+9	-2.787425231933594E+1
3.358525921299188E+9	-2.774029159545898E+1
3.358838226108682E+9	-2.787392997741699E+1
3.359150530918176E+9	-2.762847709655762E+1
3.359462835727670E+9	-2.754163169860840E+1
3.359775140537164E+9	-2.800871276855469E+1
3.360087445346658E+9	-2.735771369934082E+1
3.360399750156152E+9	-2.741040802001953E+1
3.360712054965647E+9	-2.773210906982422E+1
3.361024359775141E+9	-2.748323440551758E+1
3.361336664584635E+9	-2.738376617431641E+1
3.361648969394129E+9	-2.743449020385742E+1
3.361961274203623E+9	-2.736317443847656E+1
3.362273579013117E+9	-2.713570594787598E+1
3.362585883822611E+9	-2.711496925354004E+1
3.362898188632105E+9	-2.732104682922363E+1
3.363210493441599E+9	-2.692287826538086E+1
3.363522798251093E+9	-2.688745498657227E+1
3.363835103060587E+9	-2.682487297058105E+1
3.364147407870081E+9	-2.658606147766113E+1
3.364459712679575E+9	-2.695049285888672E+1
3.364772017489069E+9	-2.697836112976074E+1
3.365084322298563E+9	-2.682712364196777E+1
3.365396627108057E+9	-2.668843078613281E+1
3.365708931917552E+9	-2.677903938293457E+1
3.366021236727046E+9	-2.654987525939941E+1
3.366333541536540E+9	-2.647046852111816E+1
3.366645846346034E+9	-2.660440063476562E+1
3.366958151155528E+9	-2.663306999206543E+1
3.367270455965022E+9	-2.665663337707520E+1
3.367582760774516E+9	-2.621106147766113E+1
3.367895065584010E+9	-2.650206947326660E+1
3.368207370393504E+9	-2.619355010986328E+1
3.368519675202998E+9	-2.644538116455078E+1
3.368831980012492E+9	-2.645820808410645E+1
3.369144284821986E+9	-2.586962509155273E+1
3.369456589631480E+9	-2.623350906372070E+1
3.369768894440974E+9	-2.632108497619629E+1
3.370081199250468E+9	-2.609244918823242E+1
3.370393504059963E+9	-2.640273666381836E+1
3.370705808869457E+9	-2.596070480346680E+1
3.371018113678951E+9	-2.599695014953613E+1
3.371330418488445E+9	-2.587244987487793E+1
3.371642723297939E+9	-2.591085052490234E+1
3.371955028107433E+9	-2.588172721862793E+1
3.372267332916927E+9	-2.561548995971680E+1
3.372579637726421E+9	-2.576823425292969E+1
3.372891942535915E+9	-2.569958686828613E+1
3.373204247345409E+9	-2.557054519653320E+1
3.373516552154903E+9	-2.571310615539551E+1
3.373828856964397E+9	-2.594400215148926E+1
3.374141161773891E+9	-2.545274543762207E+1
3.374453466583385E+9	-2.548088836669922E+1
3.374765771392879E+9	-2.568302154541016E+1
3.375078076202374E+9	-2.540429306030273E+1
3.375390381011868E+9	-2.540956497192383E+1
3.375702685821362E+9	-2.521796989440918E+1
3.376014990630856E+9	-2.538993072509766E+1
3.376327295440350E+9	-2.480645179748535E+1
3.376639600249844E+9	-2.516875457763672E+1
3.376951905059338E+9	-2.503225326538086E+1
3.377264209868832E+9	-2.505923080444336E+1
3.377576514678326E+9	-2.527902984619141E+1
3.377888819487820E+9	-2.514214134216309E+1
3.378201124297314E+9	-2.489227676391602E+1
3.378513429106808E+9	-2.494577026367187E+1
3.378825733916302E+9	-2.519305038452148E+1
3.379138038725796E+9	-2.488596153259277E+1
3.379450343535291E+9	-2.490398406982422E+1
3.379762648344785E+9	-2.484538269042969E+1
3.380074953154279E+9	-2.483295822143555E+1
3.380387257963773E+9	-2.476778602600098E+1
3.380699562773267E+9	-2.469691848754883E+1
3.381011867582761E+9	-2.479373741149902E+1
3.381324172392255E+9	-2.458065986633301E+1
3.381636477201749E+9	-2.465477752685547E+1
3.381948782011243E+9	-2.458631706237793E+1
3.382261086820737E+9	-2.461998367309570E+1
3.382573391630231E+9	-2.458029365539551E+1
3.382885696439725E+9	-2.462867355346680E+1
3.383198001249219E+9	-2.450090789794922E+1
3.383510306058713E+9	-2.445648574829102E+1
3.383822610868207E+9	-2.452115440368652E+1
3.384134915677701E+9	-2.455308914184570E+1
3.384447220487195E+9	-2.442089080810547E+1
3.384759525296690E+9	-2.448951721191406E+1
3.385071830106184E+9	-2.461051750183105E+1
3.385384134915678E+9	-2.419847679138184E+1
3.385696439725172E+9	-2.443454551696777E+1
3.386008744534666E+9	-2.433356857299805E+1
3.386321049344160E+9	-2.420071411132812E+1
3.386633354153654E+9	-2.421644592285156E+1
3.386945658963148E+9	-2.420407676696777E+1
3.387257963772642E+9	-2.424983978271484E+1
3.387570268582136E+9	-2.431721687316895E+1
3.387882573391630E+9	-2.426230049133301E+1
3.388194878201124E+9	-2.413447189331055E+1
3.388507183010618E+9	-2.393107604980469E+1
3.388819487820112E+9	-2.415688896179199E+1
3.389131792629607E+9	-2.435860633850098E+1
3.389444097439101E+9	-2.397013092041016E+1
3.389756402248595E+9	-2.393446922302246E+1
3.390068707058089E+9	-2.387212181091309E+1
3.390381011867583E+9	-2.391476058959961E+1
3.390693316677077E+9	-2.417640876770020E+1
3.391005621486571E+9	-2.391576004028320E+1
3.391317926296065E+9	-2.396679306030273E+1
3.391630231105559E+9	-2.376157569885254E+1
3.391942535915053E+9	-2.401657104492187E+1
3.392254840724547E+9	-2.376911544799805E+1
3.392567145534041E+9	-2.398724174499512E+1
3.392879450343535E+9	-2.390829658508301E+1
3.393191755153029E+9	-2.357085609436035E+1
3.393504059962523E+9	-2.358675003051758E+1
3.393816364772017E+9	-2.369971656799316E+1
3.394128669581511E+9	-2.378713226318359E+1
3.394440974391006E+9	-2.370458602905273E+1
3.394753279200500E+9	-2.375251960754395E+1
3.395065584009994E+9	-2.366507148742676E+1
3.395377888819488E+9	-2.370354270935059E+1
3.395690193628982E+9	-2.364554214477539E+1
3.396002498438476E+9	-2.313427352905273E+1
3.396314803247970E+9	-2.344651222229004E+1
3.396627108057464E+9	-2.349032020568848E+1
3.396939412866958E+9	-2.331653213500977E+1
3.397251717676452E+9	-2.345729255676270E+1
3.397564022485946E+9	-2.339433479309082E+1
3.397876327295440E+9	-2.365087509155273E+1
3.398188632104935E+9	-2.335297775268555E+1
3.398500936914429E+9	-2.335810089111328E+1
3.398813241723923E+9	-2.338639259338379E+1
3.399125546533417E+9	-2.337301254272461E+1
3.399437851342911E+9	-2.326406478881836E+1
3.399750156152405E+9	-2.339982604980469E+1
3.400062460961899E+9	-2.307875442504883E+1
3.400374765771393E+9	-2.340415000915527E+1
3.400687070580887E+9	-2.300972557067871E+1
3.400999375390381E+9	-2.313754272460937E+1
3.401311680199875E+9	-2.322525215148926E+1
3.401623985009369E+9	-2.308102416992187E+1
3.401936289818863E+9	-2.304387283325195E+1
3.402248594628357E+9	-2.334483909606934E+1
3.402560899437851E+9	-2.320748901367187E+1
3.402873204247345E+9	-2.293313598632812E+1
3.403185509056839E+9	-2.288809776306152E+1
3.403497813866333E+9	-2.284047889709473E+1
3.403810118675828E+9	-2.298563385009766E+1
3.404122423485322E+9	-2.289629554748535E+1
3.404434728294816E+9	-2.294161987304687E+1
3.404747033104310E+9	-2.290657997131348E+1
3.405059337913804E+9	-2.289982414245605E+1
3.405371642723298E+9	-2.286651802062988E+1
3.405683947532792E+9	-2.292929267883301E+1
3.405996252342286E+9	-2.286960983276367E+1
3.406308557151780E+9	-2.289675140380859E+1
3.406620861961274E+9	-2.279410552978516E+1
3.406933166770768E+9	-2.280856323242187E+1
3.407245471580262E+9	-2.291831016540527E+1
3.407557776389756E+9	-2.275053215026855E+1
3.407870081199251E+9	-2.286808204650879E+1
3.408182386008745E+9	-2.303193283081055E+1
3.408494690818239E+9	-2.281517219543457E+1
3.408806995627733E+9	-2.263064193725586E+1
3.409119300437227E+9	-2.265578651428223E+1
3.409431605246721E+9	-2.290610885620117E+1
3.409743910056215E+9	-2.259782791137695E+1
3.410056214865709E+9	-2.279257583618164E+1
3.410368519675203E+9	-2.274720573425293E+1
3.410680824484697E+9	-2.257788276672363E+1
3.410993129294191E+9	-2.282558059692383E+1
3.411305434103685E+9	-2.295678329467773E+1
3.411617738913179E+9	-2.274754524230957E+1
3.411930043722673E+9	-2.262830162048340E+1
3.412242348532167E+9	-2.287149620056152E+1
3.412554653341661E+9	-2.267808723449707E+1
3.412866958151155E+9	-2.263543319702148E+1
3.413179262960649E+9	-2.270053863525391E+1
3.413491567770144E+9	-2.258912086486816E+1
3.413803872579638E+9	-2.269911766052246E+1
3.414116177389132E+9	-2.286417007446289E+1
3.414428482198626E+9	-2.284611320495605E+1
3.414740787008120E+9	-2.271812438964844E+1
3.415053091817614E+9	-2.260005378723145E+1
3.415365396627108E+9	-2.266989326477051E+1
3.415677701436602E+9	-2.273359489440918E+1
3.415990006246096E+9	-2.263559341430664E+1
3.416302311055590E+9	-2.279399108886719E+1
3.416614615865084E+9	-2.275939178466797E+1
3.416926920674579E+9	-2.266527175903320E+1
3.417239225484073E+9	-2.281297111511230E+1
3.417551530293567E+9	-2.287941932678223E+1
3.417863835103061E+9	-2.291956329345703E+1
3.418176139912555E+9	-2.269106674194336E+1
3.418488444722049E+9	-2.284867668151855E+1
3.418800749531543E+9	-2.268403244018555E+1
3.419113054341037E+9	-2.268101501464844E+1
3.419425359150531E+9	-2.260108757019043E+1
3.419737663960025E+9	-2.265669631958008E+1
3.420049968769519E+9	-2.264492225646973E+1
3.420362273579013E+9	-2.228961944580078E+1
3.420674578388507E+9	-2.273121833801270E+1
3.420986883198001E+9	-2.280508995056152E+1
3.421299188007495E+9	-2.253738594055176E+1
3.421611492816989E+9	-2.256066703796387E+1
3.421923797626483E+9	-2.234674644470215E+1
3.422236102435977E+9	-2.256537055969238E+1
3.422548407245471E+9	-2.264084625244141E+1
3.422860712054965E+9	-2.252586936950684E+1
3.423173016864460E+9	-2.243275070190430E+1
3.423485321673954E+9	-2.246905517578125E+1
3.423797626483448E+9	-2.255282974243164E+1
3.424109931292942E+9	-2.231019973754883E+1
3.424422236102436E+9	-2.261996841430664E+1
3.424734540911930E+9	-2.250155067443848E+1
3.425046845721424E+9	-2.257438468933105E+1
3.425359150530918E+9	-2.247455596923828E+1
3.425671455340412E+9	-2.228537940979004E+1
3.425983760149906E+9	-2.249548530578613E+1
3.426296064959400E+9	-2.242337989807129E+1
3.426608369768895E+9	-2.251088523864746E+1
3.426920674578389E+9	-2.240043640136719E+1
3.427232979387883E+9	-2.239897727966309E+1
3.427545284197377E+9	-2.227375602722168E+1
3.427857589006871E+9	-2.206378173828125E+1
3.428169893816365E+9	-2.218961334228516E+1
3.428482198625859E+9	-2.238535308837891E+1
3.428794503435353E+9	-2.232509803771973E+1
3.429106808244847E+9	-2.232099151611328E+1
3.429419113054341E+9	-2.209869956970215E+1
3.429731417863835E+9	-2.206708717346191E+1
3.430043722673329E+9	-2.235065460205078E+1
3.430356027482823E+9	-2.213355827331543E+1
3.430668332292317E+9	-2.221350479125977E+1
3.430980637101811E+9	-2.199313545227051E+1
3.431292941911305E+9	-2.199543380737305E+1
3.431605246720799E+9	-2.193451499938965E+1
3.431917551530293E+9	-2.210896110534668E+1
3.432229856339787E+9	-2.201848793029785E+1
3.432542161149281E+9	-2.203979682922363E+1
3.432854465958776E+9	-2.209847259521484E+1
3.433166770768270E+9	-2.194764328002930E+1
3.433479075577764E+9	-2.180220603942871E+1
3.433791380387258E+9	-2.203057670593262E+1
3.434103685196752E+9	-2.174568367004395E+1
3.434415990006246E+9	-2.176014328002930E+1
3.434728294815740E+9	-2.181367111206055E+1
3.435040599625234E+9	-2.181842994689941E+1
3.435352904434728E+9	-2.185658264160156E+1
3.435665209244223E+9	-2.176717758178711E+1
3.435977514053717E+9	-2.175405120849609E+1
3.436289818863211E+9	-2.166045951843262E+1
3.436602123672705E+9	-2.155611228942871E+1
3.436914428482199E+9	-2.142813110351562E+1
3.437226733291693E+9	-2.158715248107910E+1
3.437539038101187E+9	-2.150624847412109E+1
3.437851342910681E+9	-2.141339302062988E+1
3.438163647720175E+9	-2.164555168151855E+1
3.438475952529669E+9	-2.163170051574707E+1
3.438788257339163E+9	-2.152140235900879E+1
3.439100562148657E+9	-2.139906120300293E+1
3.439412866958151E+9	-2.162961959838867E+1
3.439725171767645E+9	-2.147329521179199E+1
3.440037476577139E+9	-2.156632804870605E+1
3.440349781386633E+9	-2.149262428283691E+1
3.440662086196127E+9	-2.139891242980957E+1
3.440974391005621E+9	-2.143815803527832E+1
3.441286695815115E+9	-2.136970329284668E+1
3.441599000624609E+9	-2.153555679321289E+1
3.441911305434104E+9	-2.131852722167969E+1
3.442223610243598E+9	-2.136958503723145E+1
3.442535915053092E+9	-2.129636001586914E+1
3.442848219862586E+9	-2.150865173339844E+1
3.443160524672080E+9	-2.136666488647461E+1
3.443472829481574E+9	-2.125689125061035E+1
3.443785134291068E+9	-2.143207359313965E+1
3.444097439100562E+9	-2.136214447021484E+1
3.444409743910056E+9	-2.124238204956055E+1
3.444722048719550E+9	-2.120603752136230E+1
3.445034353529044E+9	-2.119002914428711E+1
3.445346658338539E+9	-2.139274978637695E+1
3.445658963148033E+9	-2.113522148132324E+1
3.445971267957527E+9	-2.116664123535156E+1
3.446283572767021E+9	-2.133290863037109E+1
3.446595877576515E+9	-2.115604972839355E+1
3.446908182386009E+9	-2.117415046691895E+1
3.447220487195503E+9	-2.116444778442383E+1
3.447532792004997E+9	-2.116954994201660E+1
3.447845096814491E+9	-2.120317649841309E+1
3.448157401623985E+9	-2.117019653320312E+1
3.448469706433479E+9	-2.105004119873047E+1
3.448782011242973E+9	-2.111190986633301E+1
3.449094316052467E+9	-2.100737953186035E+1
3.449406620861961E+9	-2.099531364440918E+1
3.449718925671455E+9	-2.108209609985352E+1
3.450031230480949E+9	-2.113394546508789E+1
3.450343535290443E+9	-2.105452537536621E+1
3.450655840099937E+9	-2.117915534973145E+1
3.450968144909431E+9	-2.088921928405762E+1
3.451280449718925E+9	-2.091062164306641E+1
3.451592754528420E+9	-2.076871871948242E+1
3.451905059337914E+9	-2.079328346252441E+1
3.452217364147408E+9	-2.111167335510254E+1
3.452529668956902E+9	-2.084310150146484E+1
3.452841973766396E+9	-2.101473426818848E+1
3.453154278575890E+9	-2.086152839660645E+1
3.453466583385384E+9	-2.090202140808105E+1
3.453778888194878E+9	-2.083381652832031E+1
3.454091193004372E+9	-2.082072448730469E+1
3.454403497813867E+9	-2.088842773437500E+1
3.454715802623361E+9	-2.084448051452637E+1
3.455028107432855E+9	-2.084062576293945E+1
3.455340412242349E+9	-2.090631294250488E+1
3.455652717051843E+9	-2.082578277587891E+1
3.455965021861337E+9	-2.080920791625977E+1
3.456277326670831E+9	-2.069641113281250E+1
3.456589631480325E+9	-2.069118309020996E+1
3.456901936289819E+9	-2.084879302978516E+1
3.457214241099313E+9	-2.069624519348145E+1
3.457526545908807E+9	-2.079251670837402E+1
3.457838850718301E+9	-2.079261398315430E+1
3.458151155527795E+9	-2.072926521301270E+1
3.458463460337289E+9	-2.082449340820312E+1
3.458775765146783E+9	-2.063450813293457E+1
3.459088069956277E+9	-2.062502098083496E+1
3.459400374765771E+9	-2.042298126220703E+1
3.459712679575265E+9	-2.053512001037598E+1
3.460024984384759E+9	-2.055505943298340E+1
3.460337289194253E+9	-2.048735237121582E+1
3.460649594003748E+9	-2.046223449707031E+1
3.460961898813242E+9	-2.044697189331055E+1
3.461274203622736E+9	-2.037193679809570E+1
3.461586508432230E+9	-2.040834999084473E+1
3.461898813241724E+9	-2.046859550476074E+1
3.462211118051218E+9	-2.048707771301270E+1
3.462523422860712E+9	-2.043082427978516E+1
3.462835727670206E+9	-2.033010864257812E+1
3.463148032479700E+9	-2.027848815917969E+1
3.463460337289194E+9	-2.040918922424316E+1
3.463772642098688E+9	-2.027489471435547E+1
3.464084946908183E+9	-2.029023170471191E+1
3.464397251717677E+9	-2.036021423339844E+1
3.464709556527171E+9	-2.034616851806641E+1
3.465021861336665E+9	-2.004788780212402E+1
3.465334166146159E+9	-2.017557525634766E+1
3.465646470955653E+9	-2.015950202941895E+1
3.465958775765147E+9	-2.018363380432129E+1
3.466271080574641E+9	-2.019134712219238E+1
3.466583385384135E+9	-2.010618782043457E+1
3.466895690193629E+9	-2.013399124145508E+1
3.467207995003123E+9	-2.008839225769043E+1
3.467520299812617E+9	-2.006357383728027E+1
3.467832604622111E+9	-2.003555488586426E+1
3.468144909431605E+9	-1.995723724365234E+1
3.468457214241099E+9	-2.010431480407715E+1
3.468769519050593E+9	-1.989141082763672E+1
3.469081823860087E+9	-1.999219703674316E+1
3.469394128669581E+9	-1.997559928894043E+1
3.469706433479075E+9	-1.986845207214355E+1
3.470018738288569E+9	-1.999921226501465E+1
3.470331043098064E+9	-1.988057899475098E+1
3.470643347907558E+9	-1.977649307250977E+1
3.470955652717052E+9	-1.982293510437012E+1
3.471267957526546E+9	-1.975833892822266E+1
3.471580262336040E+9	-1.974748039245605E+1
3.471892567145534E+9	-1.993150138854980E+1
3.472204871955028E+9	-1.980123138427734E+1
3.472517176764522E+9	-1.981208610534668E+1
3.472829481574016E+9	-1.959999275207520E+1
3.473141786383511E+9	-1.987588500976562E+1
3.473454091193005E+9	-1.969434738159180E+1
3.473766396002499E+9	-1.974539756774902E+1
3.474078700811993E+9	-1.940962028503418E+1
3.474391005621487E+9	-1.952626800537109E+1
3.474703310430981E+9	-1.958799552917480E+1
3.475015615240475E+9	-1.969802093505859E+1
3.475327920049969E+9	-1.961887931823730E+1
3.475640224859463E+9	-1.955866813659668E+1
3.475952529668957E+9	-1.961892890930176E+1
3.476264834478451E+9	-1.974765968322754E+1
3.476577139287945E+9	-1.965540695190430E+1
3.476889444097439E+9	-1.950921058654785E+1
3.477201748906933E+9	-1.955298995971680E+1
3.477514053716427E+9	-1.957581138610840E+1
3.477826358525921E+9	-1.953100013732910E+1
3.478138663335415E+9	-1.967509078979492E+1
3.478450968144909E+9	-1.968415451049805E+1
3.478763272954403E+9	-1.949990653991699E+1
3.479075577763897E+9	-1.951611137390137E+1
3.479387882573392E+9	-1.947302436828613E+1
3.479700187382886E+9	-1.950151062011719E+1
3.480012492192380E+9	-1.956486892700195E+1
3.480324797001874E+9	-1.943033027648926E+1
3.480637101811368E+9	-1.941775703430176E+1
3.480949406620862E+9	-1.961698722839355E+1
3.481261711430356E+9	-1.955520820617676E+1
3.481574016239850E+9	-1.945951652526855E+1
3.481886321049344E+9	-1.948220443725586E+1
3.482198625858838E+9	-1.964697647094727E+1
3.482510930668332E+9	-1.946679306030273E+1
3.482823235477826E+9	-1.946850395202637E+1
3.483135540287321E+9	-1.942951393127441E+1
3.483447845096815E+9	-1.939433097839355E+1
3.483760149906309E+9	-1.950304794311523E+1
3.484072454715803E+9	-1.952885055541992E+1
3.484384759525297E+9	-1.945623016357422E+1
3.484697064334791E+9	-1.937359809875488E+1
3.485009369144285E+9	-1.945690727233887E+1
3.485321673953779E+9	-1.936604881286621E+1
3.485633978763273E+9	-1.932799530029297E+1
3.485946283572767E+9	-1.929091072082520E+1
3.486258588382261E+9	-1.947613334655762E+1
3.486570893191755E+9	-1.933319854736328E+1
3.486883198001249E+9	-1.945329856872559E+1
3.487195502810743E+9	-1.938582229614258E+1
3.487507807620237E+9	-1.920651435852051E+1
3.487820112429731E+9	-1.930825614929199E+1
3.488132417239225E+9	-1.920026016235352E+1
3.488444722048719E+9	-1.933444976806641E+1
3.488757026858213E+9	-1.928190803527832E+1
3.489069331667707E+9	-1.925160026550293E+1
3.489381636477202E+9	-1.907482147216797E+1
3.489693941286696E+9	-1.915126991271973E+1
3.490006246096190E+9	-1.908238220214844E+1
3.490318550905684E+9	-1.915625000000000E+1
3.490630855715178E+9	-1.914277267456055E+1
3.490943160524672E+9	-1.906747627258301E+1
3.491255465334166E+9	-1.903029441833496E+1
3.491567770143660E+9	-1.915015411376953E+1
3.491880074953155E+9	-1.894788169860840E+1
3.492192379762649E+9	-1.898452377319336E+1
3.492504684572143E+9	-1.907210350036621E+1
3.492816989381637E+9	-1.892896270751953E+1
3.493129294191131E+9	-1.886774063110352E+1
3.493441599000625E+9	-1.896890068054199E+1
3.493753903810119E+9	-1.893825912475586E+1
3.494066208619613E+9	-1.890723419189453E+1
3.494378513429107E+9	-1.869866561889648E+1
3.494690818238601E+9	-1.886781883239746E+1
3.495003123048095E+9	-1.871992683410645E+1
3.495315427857589E+9	-1.869027900695801E+1
3.495627732667083E+9	-1.861572647094727E+1
3.495940037476577E+9	-1.862872123718262E+1
3.496252342286071E+9	-1.864829254150391E+1
3.496564647095565E+9	-1.851378059387207E+1
3.496876951905059E+9	-1.859453392028809E+1
3.497189256714553E+9	-1.868583869934082E+1
3.497501561524047E+9	-1.852971076965332E+1
3.497813866333541E+9	-1.848871231079102E+1
3.498126171143036E+9	-1.842770004272461E+1
3.498438475952530E+9	-1.844505691528320E+1
3.498750780762024E+9	-1.841986656188965E+1
3.499063085571518E+9	-1.835158538818359E+1
3.499375390381012E+9	-1.833862686157227E+1
3.499687695190506E+9	-1.845927429199219E+1
