ATS 9870 settings:
S-param: S21	Power level: -3	Port 1 Attn: 10
Port 2 Attn: 0	Ref (dB): 10	Resolution (dB): 10
Averaging?: ON		Average count: 500

!DATASTR!
Freq	data 
(GHz)	(dB or deg.)
3.150000000000000E+9	-1.403633880615234E+1
3.150012492192380E+9	-1.405882835388184E+1
3.150024984384759E+9	-1.399517726898193E+1
3.150037476577139E+9	-1.399035739898682E+1
3.150049968769519E+9	-1.402795124053955E+1
3.150062460961899E+9	-1.398445224761963E+1
3.150074953154279E+9	-1.402769279479980E+1
3.150087445346658E+9	-1.392590427398682E+1
3.150099937539038E+9	-1.397815322875977E+1
3.150112429731418E+9	-1.405333423614502E+1
3.150124921923798E+9	-1.406226444244385E+1
3.150137414116178E+9	-1.404432582855225E+1
3.150149906308557E+9	-1.408049201965332E+1
3.150162398500937E+9	-1.410304927825928E+1
3.150174890693316E+9	-1.393633556365967E+1
3.150187382885696E+9	-1.391650772094727E+1
3.150199875078076E+9	-1.396329402923584E+1
3.150212367270456E+9	-1.391637325286865E+1
3.150224859462836E+9	-1.389391326904297E+1
3.150237351655215E+9	-1.391633319854736E+1
3.150249843847595E+9	-1.380974388122559E+1
3.150262336039975E+9	-1.385824298858643E+1
3.150274828232355E+9	-1.387441921234131E+1
3.150287320424735E+9	-1.388228797912598E+1
3.150299812617114E+9	-1.384492301940918E+1
3.150312304809494E+9	-1.383688735961914E+1
3.150324797001874E+9	-1.392870521545410E+1
3.150337289194253E+9	-1.396181011199951E+1
3.150349781386633E+9	-1.400912952423096E+1
3.150362273579013E+9	-1.395512580871582E+1
3.150374765771393E+9	-1.394715118408203E+1
3.150387257963773E+9	-1.392149639129639E+1
3.150399750156152E+9	-1.397842693328857E+1
3.150412242348532E+9	-1.399399566650391E+1
3.150424734540912E+9	-1.393130970001221E+1
3.150437226733292E+9	-1.401238441467285E+1
3.150449718925672E+9	-1.404263782501221E+1
3.150462211118051E+9	-1.403509140014648E+1
3.150474703310431E+9	-1.406078910827637E+1
3.150487195502811E+9	-1.409071540832520E+1
3.150499687695190E+9	-1.398117351531982E+1
3.150512179887570E+9	-1.407455921173096E+1
3.150524672079950E+9	-1.401243686676025E+1
3.150537164272330E+9	-1.407800102233887E+1
3.150549656464710E+9	-1.409566879272461E+1
3.150562148657089E+9	-1.401996803283691E+1
3.150574640849469E+9	-1.404194927215576E+1
3.150587133041849E+9	-1.406950092315674E+1
3.150599625234229E+9	-1.401435375213623E+1
3.150612117426609E+9	-1.403702449798584E+1
3.150624609618988E+9	-1.410963058471680E+1
3.150637101811368E+9	-1.405252647399902E+1
3.150649594003747E+9	-1.405080223083496E+1
3.150662086196127E+9	-1.408601665496826E+1
3.150674578388507E+9	-1.423951911926270E+1
3.150687070580887E+9	-1.416823673248291E+1
3.150699562773267E+9	-1.414377689361572E+1
3.150712054965646E+9	-1.411291503906250E+1
3.150724547158026E+9	-1.402025032043457E+1
3.150737039350406E+9	-1.414651489257812E+1
3.150749531542786E+9	-1.408355045318604E+1
3.150762023735166E+9	-1.416003608703613E+1
3.150774515927545E+9	-1.413381385803223E+1
3.150787008119925E+9	-1.406779289245605E+1
3.150799500312305E+9	-1.410156440734863E+1
3.150811992504684E+9	-1.414429759979248E+1
3.150824484697064E+9	-1.417932987213135E+1
3.150836976889444E+9	-1.420299530029297E+1
3.150849469081824E+9	-1.417448234558105E+1
3.150861961274204E+9	-1.419860172271729E+1
3.150874453466583E+9	-1.420712757110596E+1
3.150886945658963E+9	-1.412432193756104E+1
3.150899437851343E+9	-1.406907844543457E+1
3.150911930043723E+9	-1.408920097351074E+1
3.150924422236103E+9	-1.409045028686523E+1
3.150936914428482E+9	-1.407804775238037E+1
3.150949406620862E+9	-1.403965759277344E+1
3.150961898813242E+9	-1.404584121704102E+1
3.150974391005621E+9	-1.404120063781738E+1
3.150986883198001E+9	-1.408243656158447E+1
3.150999375390381E+9	-1.403031730651855E+1
3.151011867582761E+9	-1.404471588134766E+1
3.151024359775141E+9	-1.414039421081543E+1
3.151036851967520E+9	-1.409523582458496E+1
3.151049344159900E+9	-1.416050910949707E+1
3.151061836352280E+9	-1.404586219787598E+1
3.151074328544660E+9	-1.409308624267578E+1
3.151086820737040E+9	-1.413516616821289E+1
3.151099312929419E+9	-1.417555046081543E+1
3.151111805121799E+9	-1.419316291809082E+1
3.151124297314178E+9	-1.419800090789795E+1
3.151136789506558E+9	-1.421897697448730E+1
3.151149281698938E+9	-1.417079639434814E+1
3.151161773891318E+9	-1.411294460296631E+1
3.151174266083698E+9	-1.421900653839111E+1
3.151186758276077E+9	-1.420611095428467E+1
3.151199250468457E+9	-1.418794727325439E+1
3.151211742660837E+9	-1.421607208251953E+1
3.151224234853217E+9	-1.412216663360596E+1
3.151236727045597E+9	-1.416041088104248E+1
3.151249219237976E+9	-1.415196418762207E+1
3.151261711430356E+9	-1.409865283966064E+1
3.151274203622736E+9	-1.406026077270508E+1
3.151286695815115E+9	-1.404062271118164E+1
3.151299188007495E+9	-1.410758495330811E+1
3.151311680199875E+9	-1.404708862304687E+1
3.151324172392255E+9	-1.420614528656006E+1
3.151336664584635E+9	-1.411629199981689E+1
3.151349156777014E+9	-1.416177940368652E+1
3.151361648969394E+9	-1.413376998901367E+1
3.151374141161774E+9	-1.418240547180176E+1
3.151386633354154E+9	-1.421596431732178E+1
3.151399125546534E+9	-1.417217731475830E+1
3.151411617738913E+9	-1.416890716552734E+1
3.151424109931293E+9	-1.417776107788086E+1
3.151436602123672E+9	-1.415211296081543E+1
3.151449094316052E+9	-1.418213462829590E+1
3.151461586508432E+9	-1.419901657104492E+1
3.151474078700812E+9	-1.418007278442383E+1
3.151486570893192E+9	-1.420474243164062E+1
3.151499063085571E+9	-1.420530891418457E+1
3.151511555277951E+9	-1.417225551605225E+1
3.151524047470331E+9	-1.418554306030273E+1
3.151536539662711E+9	-1.415251064300537E+1
3.151549031855091E+9	-1.417477512359619E+1
3.151561524047470E+9	-1.419741821289062E+1
3.151574016239850E+9	-1.405199813842773E+1
3.151586508432230E+9	-1.408322238922119E+1
3.151599000624609E+9	-1.407394695281982E+1
3.151611492816989E+9	-1.403274822235107E+1
3.151623985009369E+9	-1.410290813446045E+1
3.151636477201749E+9	-1.412588787078857E+1
3.151648969394129E+9	-1.417496681213379E+1
3.151661461586508E+9	-1.408572196960449E+1
3.151673953778888E+9	-1.413619518280029E+1
3.151686445971268E+9	-1.409269332885742E+1
3.151698938163648E+9	-1.419664573669434E+1
3.151711430356028E+9	-1.413389492034912E+1
3.151723922548407E+9	-1.413284111022949E+1
3.151736414740787E+9	-1.408363819122314E+1
3.151748906933167E+9	-1.414304828643799E+1
3.151761399125546E+9	-1.417293453216553E+1
3.151773891317926E+9	-1.417196655273437E+1
3.151786383510306E+9	-1.426106166839600E+1
3.151798875702686E+9	-1.410231781005859E+1
3.151811367895066E+9	-1.420557308197021E+1
3.151823860087445E+9	-1.420246410369873E+1
3.151836352279825E+9	-1.422370719909668E+1
3.151848844472205E+9	-1.429056167602539E+1
3.151861336664585E+9	-1.414164352416992E+1
3.151873828856965E+9	-1.419519710540771E+1
3.151886321049344E+9	-1.409093761444092E+1
3.151898813241724E+9	-1.413365268707275E+1
3.151911305434103E+9	-1.416028785705566E+1
3.151923797626483E+9	-1.404481220245361E+1
3.151936289818863E+9	-1.416557693481445E+1
3.151948782011243E+9	-1.412851428985596E+1
3.151961274203623E+9	-1.409168052673340E+1
3.151973766396002E+9	-1.401345252990723E+1
3.151986258588382E+9	-1.409489536285400E+1
3.151998750780762E+9	-1.415865707397461E+1
3.152011242973142E+9	-1.408115005493164E+1
3.152023735165522E+9	-1.415891456604004E+1
3.152036227357901E+9	-1.414933586120605E+1
3.152048719550281E+9	-1.418200111389160E+1
3.152061211742661E+9	-1.423872280120850E+1
3.152073703935040E+9	-1.420157146453857E+1
3.152086196127420E+9	-1.408584403991699E+1
3.152098688319800E+9	-1.421899318695068E+1
3.152111180512180E+9	-1.416418170928955E+1
3.152123672704560E+9	-1.420922470092773E+1
3.152136164896939E+9	-1.419994831085205E+1
3.152148657089319E+9	-1.416899490356445E+1
3.152161149281699E+9	-1.424121952056885E+1
3.152173641474079E+9	-1.414259719848633E+1
3.152186133666459E+9	-1.427994918823242E+1
3.152198625858838E+9	-1.426414299011230E+1
3.152211118051218E+9	-1.420377445220947E+1
3.152223610243598E+9	-1.411527729034424E+1
3.152236102435977E+9	-1.420773887634277E+1
3.152248594628357E+9	-1.416240882873535E+1
3.152261086820737E+9	-1.421508026123047E+1
3.152273579013117E+9	-1.417140197753906E+1
3.152286071205497E+9	-1.413844203948975E+1
3.152298563397876E+9	-1.417404651641846E+1
3.152311055590256E+9	-1.420660877227783E+1
3.152323547782636E+9	-1.412462806701660E+1
3.152336039975016E+9	-1.421801948547363E+1
3.152348532167396E+9	-1.421698570251465E+1
3.152361024359775E+9	-1.416479969024658E+1
3.152373516552155E+9	-1.408567333221436E+1
3.152386008744534E+9	-1.416139411926270E+1
3.152398500936914E+9	-1.404546070098877E+1
3.152410993129294E+9	-1.405359554290771E+1
3.152423485321674E+9	-1.431228256225586E+1
3.152435977514054E+9	-1.428433513641357E+1
3.152448469706433E+9	-1.426210784912109E+1
3.152460961898813E+9	-1.419202709197998E+1
3.152473454091193E+9	-1.430556583404541E+1
3.152485946283573E+9	-1.426348400115967E+1
3.152498438475953E+9	-1.418565273284912E+1
3.152510930668332E+9	-1.420056152343750E+1
3.152523422860712E+9	-1.421196842193604E+1
3.152535915053092E+9	-1.424935626983643E+1
3.152548407245471E+9	-1.425990295410156E+1
3.152560899437851E+9	-1.433092498779297E+1
3.152573391630231E+9	-1.423935794830322E+1
3.152585883822611E+9	-1.432250499725342E+1
3.152598376014991E+9	-1.427201080322266E+1
3.152610868207370E+9	-1.430875205993652E+1
3.152623360399750E+9	-1.425871467590332E+1
3.152635852592130E+9	-1.424883556365967E+1
3.152648344784510E+9	-1.424540615081787E+1
3.152660836976890E+9	-1.427473354339600E+1
3.152673329169269E+9	-1.426607227325439E+1
3.152685821361649E+9	-1.425700187683105E+1
3.152698313554029E+9	-1.423992729187012E+1
3.152710805746408E+9	-1.432471942901611E+1
3.152723297938788E+9	-1.429626655578613E+1
3.152735790131168E+9	-1.427750205993652E+1
3.152748282323548E+9	-1.423772335052490E+1
3.152760774515927E+9	-1.430274200439453E+1
3.152773266708307E+9	-1.427354431152344E+1
3.152785758900687E+9	-1.430295562744141E+1
3.152798251093067E+9	-1.427726173400879E+1
3.152810743285447E+9	-1.415193557739258E+1
3.152823235477827E+9	-1.414437103271484E+1
3.152835727670206E+9	-1.414469242095947E+1
3.152848219862586E+9	-1.421127986907959E+1
3.152860712054965E+9	-1.421082115173340E+1
3.152873204247345E+9	-1.425727653503418E+1
3.152885696439725E+9	-1.418989181518555E+1
3.152898188632105E+9	-1.422646045684814E+1
3.152910680824485E+9	-1.411332130432129E+1
3.152923173016864E+9	-1.419217586517334E+1
3.152935665209244E+9	-1.416135501861572E+1
3.152948157401624E+9	-1.428375530242920E+1
3.152960649594004E+9	-1.417039489746094E+1
3.152973141786384E+9	-1.419907569885254E+1
3.152985633978763E+9	-1.411192798614502E+1
3.152998126171143E+9	-1.430378913879395E+1
3.153010618363523E+9	-1.419654750823975E+1
3.153023110555902E+9	-1.413511180877686E+1
3.153035602748282E+9	-1.420825004577637E+1
3.153048094940662E+9	-1.418360614776611E+1
3.153060587133042E+9	-1.420353412628174E+1
3.153073079325422E+9	-1.417756557464600E+1
3.153085571517801E+9	-1.421678638458252E+1
3.153098063710181E+9	-1.419393444061279E+1
3.153110555902561E+9	-1.418392753601074E+1
3.153123048094941E+9	-1.427369117736816E+1
3.153135540287321E+9	-1.420983695983887E+1
3.153148032479700E+9	-1.422233581542969E+1
3.153160524672080E+9	-1.427160453796387E+1
3.153173016864460E+9	-1.428642654418945E+1
3.153185509056839E+9	-1.422427082061768E+1
3.153198001249219E+9	-1.429282760620117E+1
3.153210493441599E+9	-1.432394886016846E+1
3.153222985633979E+9	-1.422264957427979E+1
3.153235477826358E+9	-1.435258483886719E+1
3.153247970018738E+9	-1.432301425933838E+1
3.153260462211118E+9	-1.431593990325928E+1
3.153272954403498E+9	-1.438254261016846E+1
3.153285446595878E+9	-1.436357116699219E+1
3.153297938788257E+9	-1.435149955749512E+1
3.153310430980637E+9	-1.438372802734375E+1
3.153322923173017E+9	-1.425835037231445E+1
3.153335415365396E+9	-1.419894027709961E+1
3.153347907557776E+9	-1.418096446990967E+1
3.153360399750156E+9	-1.430363941192627E+1
3.153372891942536E+9	-1.426795673370361E+1
3.153385384134916E+9	-1.435113811492920E+1
3.153397876327295E+9	-1.430844211578369E+1
3.153410368519675E+9	-1.435159397125244E+1
3.153422860712055E+9	-1.429766082763672E+1
3.153435352904435E+9	-1.434962940216064E+1
3.153447845096815E+9	-1.427525997161865E+1
3.153460337289194E+9	-1.435753154754639E+1
3.153472829481574E+9	-1.435963726043701E+1
3.153485321673954E+9	-1.440987491607666E+1
3.153497813866333E+9	-1.434082794189453E+1
3.153510306058713E+9	-1.437613010406494E+1
3.153522798251093E+9	-1.440288066864014E+1
3.153535290443473E+9	-1.443384170532227E+1
3.153547782635853E+9	-1.433807659149170E+1
3.153560274828232E+9	-1.440146636962891E+1
3.153572767020612E+9	-1.444687557220459E+1
3.153585259212992E+9	-1.439588165283203E+1
3.153597751405372E+9	-1.428005886077881E+1
3.153610243597752E+9	-1.446265029907227E+1
3.153622735790131E+9	-1.443275833129883E+1
3.153635227982511E+9	-1.444822502136230E+1
3.153647720174891E+9	-1.445677089691162E+1
3.153660212367270E+9	-1.442499065399170E+1
3.153672704559650E+9	-1.441740417480469E+1
3.153685196752030E+9	-1.428537464141846E+1
3.153697688944410E+9	-1.433416557312012E+1
3.153710181136789E+9	-1.439328289031982E+1
3.153722673329169E+9	-1.438798809051514E+1
3.153735165521549E+9	-1.448450374603271E+1
3.153747657713929E+9	-1.444980430603027E+1
3.153760149906309E+9	-1.439314460754395E+1
3.153772642098688E+9	-1.441421508789062E+1
3.153785134291068E+9	-1.445640182495117E+1
3.153797626483448E+9	-1.450742244720459E+1
3.153810118675828E+9	-1.449993419647217E+1
3.153822610868207E+9	-1.451883411407471E+1
3.153835103060587E+9	-1.447380447387695E+1
3.153847595252967E+9	-1.439205551147461E+1
3.153860087445347E+9	-1.446238231658936E+1
3.153872579637726E+9	-1.455462074279785E+1
3.153885071830106E+9	-1.462671566009521E+1
3.153897564022486E+9	-1.453990745544434E+1
3.153910056214866E+9	-1.449960422515869E+1
3.153922548407246E+9	-1.450267601013184E+1
3.153935040599625E+9	-1.451888370513916E+1
3.153947532792005E+9	-1.442710685729980E+1
3.153960024984385E+9	-1.454833030700684E+1
3.153972517176764E+9	-1.452290058135986E+1
3.153985009369144E+9	-1.456121826171875E+1
3.153997501561524E+9	-1.455330848693848E+1
3.154009993753904E+9	-1.448929214477539E+1
3.154022485946283E+9	-1.445943546295166E+1
3.154034978138663E+9	-1.453897380828857E+1
3.154047470331043E+9	-1.454250431060791E+1
3.154059962523423E+9	-1.452863502502441E+1
3.154072454715803E+9	-1.438475704193115E+1
3.154084946908183E+9	-1.448916625976562E+1
3.154097439100562E+9	-1.448403549194336E+1
3.154109931292942E+9	-1.446756935119629E+1
3.154122423485322E+9	-1.445323467254639E+1
3.154134915677701E+9	-1.445161533355713E+1
3.154147407870081E+9	-1.451101016998291E+1
3.154159900062461E+9	-1.449299907684326E+1
3.154172392254841E+9	-1.463619804382324E+1
3.154184884447220E+9	-1.462864780426025E+1
3.154197376639600E+9	-1.458098888397217E+1
3.154209868831980E+9	-1.460122776031494E+1
3.154222361024360E+9	-1.463826179504395E+1
3.154234853216740E+9	-1.464530944824219E+1
3.154247345409119E+9	-1.462538433074951E+1
3.154259837601499E+9	-1.467906665802002E+1
3.154272329793879E+9	-1.463541889190674E+1
3.154284821986259E+9	-1.456372547149658E+1
3.154297314178638E+9	-1.466295909881592E+1
3.154309806371018E+9	-1.470261669158936E+1
3.154322298563398E+9	-1.469357776641846E+1
3.154334790755778E+9	-1.464417552947998E+1
3.154347282948157E+9	-1.466795444488525E+1
3.154359775140537E+9	-1.461686229705811E+1
3.154372267332917E+9	-1.463857936859131E+1
3.154384759525297E+9	-1.467975616455078E+1
3.154397251717677E+9	-1.464360046386719E+1
3.154409743910056E+9	-1.464647293090820E+1
3.154422236102436E+9	-1.466507816314697E+1
3.154434728294816E+9	-1.461673831939697E+1
3.154447220487195E+9	-1.467660617828369E+1
3.154459712679575E+9	-1.463925075531006E+1
3.154472204871955E+9	-1.468875503540039E+1
3.154484697064335E+9	-1.470130634307861E+1
3.154497189256714E+9	-1.470555496215820E+1
3.154509681449094E+9	-1.480066967010498E+1
3.154522173641474E+9	-1.470935916900635E+1
3.154534665833854E+9	-1.471486854553223E+1
3.154547158026234E+9	-1.461530399322510E+1
3.154559650218613E+9	-1.469047641754150E+1
3.154572142410993E+9	-1.472756099700928E+1
3.154584634603373E+9	-1.475171470642090E+1
3.154597126795753E+9	-1.475337409973145E+1
3.154609618988132E+9	-1.466289520263672E+1
3.154622111180512E+9	-1.467824363708496E+1
3.154634603372892E+9	-1.471858501434326E+1
3.154647095565272E+9	-1.473293876647949E+1
3.154659587757651E+9	-1.464128780364990E+1
3.154672079950031E+9	-1.472523880004883E+1
3.154684572142411E+9	-1.472246074676514E+1
3.154697064334791E+9	-1.470213222503662E+1
3.154709556527171E+9	-1.480994033813477E+1
3.154722048719550E+9	-1.474605560302734E+1
3.154734540911930E+9	-1.478856182098389E+1
3.154747033104310E+9	-1.465647315979004E+1
3.154759525296690E+9	-1.479684829711914E+1
3.154772017489069E+9	-1.476487731933594E+1
3.154784509681449E+9	-1.477867317199707E+1
3.154797001873829E+9	-1.479011344909668E+1
3.154809494066209E+9	-1.479857826232910E+1
3.154821986258588E+9	-1.481236457824707E+1
3.154834478450968E+9	-1.485209560394287E+1
3.154846970643348E+9	-1.482095336914062E+1
3.154859462835728E+9	-1.479873275756836E+1
3.154871955028108E+9	-1.470541763305664E+1
3.154884447220487E+9	-1.481186866760254E+1
3.154896939412867E+9	-1.480071353912354E+1
3.154909431605247E+9	-1.477672004699707E+1
3.154921923797626E+9	-1.479539203643799E+1
3.154934415990006E+9	-1.491805171966553E+1
3.154946908182386E+9	-1.490578746795654E+1
3.154959400374766E+9	-1.487812423706055E+1
3.154971892567145E+9	-1.485061645507812E+1
3.154984384759525E+9	-1.487307834625244E+1
3.154996876951905E+9	-1.483421134948730E+1
3.155009369144285E+9	-1.490468120574951E+1
3.155021861336665E+9	-1.491237258911133E+1
3.155034353529044E+9	-1.490030956268311E+1
3.155046845721424E+9	-1.497970390319824E+1
3.155059337913804E+9	-1.496517086029053E+1
3.155071830106184E+9	-1.475357913970947E+1
3.155084322298563E+9	-1.488081836700439E+1
3.155096814490943E+9	-1.483621120452881E+1
3.155109306683323E+9	-1.481401538848877E+1
3.155121798875703E+9	-1.496379184722900E+1
3.155134291068082E+9	-1.486982631683350E+1
3.155146783260462E+9	-1.486012744903564E+1
3.155159275452842E+9	-1.487549686431885E+1
3.155171767645222E+9	-1.497216415405273E+1
3.155184259837602E+9	-1.493259143829346E+1
3.155196752029981E+9	-1.490550518035889E+1
3.155209244222361E+9	-1.489662647247314E+1
3.155221736414741E+9	-1.499579715728760E+1
3.155234228607121E+9	-1.498306655883789E+1
3.155246720799500E+9	-1.502068519592285E+1
3.155259212991880E+9	-1.498270797729492E+1
3.155271705184260E+9	-1.497796440124512E+1
3.155284197376639E+9	-1.496652507781982E+1
3.155296689569019E+9	-1.497989749908447E+1
3.155309181761399E+9	-1.495557022094727E+1
3.155321673953779E+9	-1.500093269348145E+1
3.155334166146159E+9	-1.490767955780029E+1
3.155346658338539E+9	-1.501117706298828E+1
3.155359150530918E+9	-1.498032474517822E+1
3.155371642723298E+9	-1.494320774078369E+1
3.155384134915678E+9	-1.500077342987061E+1
3.155396627108057E+9	-1.500064563751221E+1
3.155409119300437E+9	-1.506056690216064E+1
3.155421611492817E+9	-1.496726799011230E+1
3.155434103685197E+9	-1.496327590942383E+1
3.155446595877576E+9	-1.496680545806885E+1
3.155459088069956E+9	-1.508714675903320E+1
3.155471580262336E+9	-1.501903152465820E+1
3.155484072454716E+9	-1.502766895294189E+1
3.155496564647096E+9	-1.518895244598389E+1
3.155509056839475E+9	-1.514632225036621E+1
3.155521549031855E+9	-1.511690711975098E+1
3.155534041224235E+9	-1.509637355804443E+1
3.155546533416615E+9	-1.517237377166748E+1
3.155559025608994E+9	-1.514078617095947E+1
3.155571517801374E+9	-1.512240314483643E+1
3.155584009993754E+9	-1.509705543518066E+1
3.155596502186134E+9	-1.511132621765137E+1
3.155608994378513E+9	-1.510025882720947E+1
3.155621486570893E+9	-1.516983222961426E+1
3.155633978763273E+9	-1.505248641967773E+1
3.155646470955653E+9	-1.516873455047607E+1
3.155658963148033E+9	-1.518726158142090E+1
3.155671455340412E+9	-1.523601341247559E+1
3.155683947532792E+9	-1.515015506744385E+1
3.155696439725172E+9	-1.514105987548828E+1
3.155708931917552E+9	-1.514700508117676E+1
3.155721424109931E+9	-1.528032588958740E+1
3.155733916302311E+9	-1.515041542053223E+1
3.155746408494691E+9	-1.516178607940674E+1
3.155758900687070E+9	-1.522247600555420E+1
3.155771392879450E+9	-1.514020347595215E+1
3.155783885071830E+9	-1.517854499816895E+1
3.155796377264210E+9	-1.507598400115967E+1
3.155808869456590E+9	-1.516080951690674E+1
3.155821361648969E+9	-1.517058944702148E+1
3.155833853841349E+9	-1.519377803802490E+1
3.155846346033729E+9	-1.524884319305420E+1
3.155858838226109E+9	-1.528543853759766E+1
3.155871330418488E+9	-1.520223522186279E+1
3.155883822610868E+9	-1.529405784606934E+1
3.155896314803248E+9	-1.527501964569092E+1
3.155908806995628E+9	-1.535500144958496E+1
3.155921299188007E+9	-1.536043453216553E+1
3.155933791380387E+9	-1.535256576538086E+1
3.155946283572767E+9	-1.535701942443848E+1
3.155958775765147E+9	-1.529914474487305E+1
3.155971267957527E+9	-1.518297958374023E+1
3.155983760149906E+9	-1.526047325134277E+1
3.155996252342286E+9	-1.527727031707764E+1
3.156008744534666E+9	-1.533049011230469E+1
3.156021236727046E+9	-1.535894775390625E+1
3.156033728919425E+9	-1.536174488067627E+1
3.156046221111805E+9	-1.533871650695801E+1
3.156058713304185E+9	-1.541336822509766E+1
3.156071205496565E+9	-1.538984107971191E+1
3.156083697688944E+9	-1.536124801635742E+1
3.156096189881324E+9	-1.543239784240723E+1
3.156108682073704E+9	-1.540953063964844E+1
3.156121174266084E+9	-1.536850166320801E+1
3.156133666458464E+9	-1.536878108978271E+1
3.156146158650843E+9	-1.538137149810791E+1
3.156158650843223E+9	-1.536110877990723E+1
3.156171143035603E+9	-1.546505069732666E+1
3.156183635227983E+9	-1.542287635803223E+1
3.156196127420362E+9	-1.548739433288574E+1
3.156208619612742E+9	-1.544003868103027E+1
3.156221111805122E+9	-1.551195812225342E+1
3.156233603997501E+9	-1.552723503112793E+1
3.156246096189881E+9	-1.539462947845459E+1
3.156258588382261E+9	-1.544831752777100E+1
3.156271080574641E+9	-1.556274223327637E+1
3.156283572767021E+9	-1.549794197082520E+1
3.156296064959400E+9	-1.546282196044922E+1
3.156308557151780E+9	-1.548756313323975E+1
3.156321049344160E+9	-1.542661190032959E+1
3.156333541536540E+9	-1.551497745513916E+1
3.156346033728920E+9	-1.550944519042969E+1
3.156358525921299E+9	-1.548965835571289E+1
3.156371018113679E+9	-1.561162471771240E+1
3.156383510306059E+9	-1.560492515563965E+1
3.156396002498438E+9	-1.554898262023926E+1
3.156408494690818E+9	-1.556144618988037E+1
3.156420986883198E+9	-1.548104953765869E+1
3.156433479075578E+9	-1.556801414489746E+1
3.156445971267958E+9	-1.557741737365723E+1
3.156458463460337E+9	-1.553777027130127E+1
3.156470955652717E+9	-1.558660125732422E+1
3.156483447845097E+9	-1.560329341888428E+1
3.156495940037477E+9	-1.557526969909668E+1
3.156508432229856E+9	-1.555905914306641E+1
3.156520924422236E+9	-1.568702316284180E+1
3.156533416614616E+9	-1.568648910522461E+1
3.156545908806995E+9	-1.562617683410645E+1
3.156558400999375E+9	-1.552743721008301E+1
3.156570893191755E+9	-1.559802722930908E+1
3.156583385384135E+9	-1.574198055267334E+1
3.156595877576515E+9	-1.578435707092285E+1
3.156608369768895E+9	-1.577888393402100E+1
3.156620861961274E+9	-1.566066360473633E+1
3.156633354153654E+9	-1.578873443603516E+1
3.156645846346034E+9	-1.575179672241211E+1
3.156658338538414E+9	-1.560812091827393E+1
3.156670830730793E+9	-1.560645484924316E+1
3.156683322923173E+9	-1.569833183288574E+1
3.156695815115553E+9	-1.575298213958740E+1
3.156708307307932E+9	-1.568691062927246E+1
3.156720799500312E+9	-1.575882530212402E+1
3.156733291692692E+9	-1.570022010803223E+1
3.156745783885072E+9	-1.576471805572510E+1
3.156758276077452E+9	-1.573180294036865E+1
3.156770768269831E+9	-1.580086708068848E+1
3.156783260462211E+9	-1.584932708740234E+1
3.156795752654591E+9	-1.593611907958984E+1
3.156808244846971E+9	-1.594024944305420E+1
3.156820737039351E+9	-1.590429782867432E+1
3.156833229231730E+9	-1.594063568115234E+1
3.156845721424110E+9	-1.588829994201660E+1
3.156858213616490E+9	-1.594832611083984E+1
3.156870705808869E+9	-1.596543407440186E+1
3.156883198001249E+9	-1.603802299499512E+1
3.156895690193629E+9	-1.606094169616699E+1
3.156908182386009E+9	-1.608886528015137E+1
3.156920674578389E+9	-1.597829151153564E+1
3.156933166770768E+9	-1.595634460449219E+1
3.156945658963148E+9	-1.606163787841797E+1
3.156958151155528E+9	-1.613956069946289E+1
3.156970643347908E+9	-1.607200813293457E+1
3.156983135540287E+9	-1.611997032165527E+1
3.156995627732667E+9	-1.619849967956543E+1
3.157008119925047E+9	-1.611513328552246E+1
3.157020612117426E+9	-1.606612777709961E+1
3.157033104309806E+9	-1.619572067260742E+1
3.157045596502186E+9	-1.613850784301758E+1
3.157058088694566E+9	-1.624064064025879E+1
3.157070580886946E+9	-1.622571372985840E+1
3.157083073079325E+9	-1.629144287109375E+1
3.157095565271705E+9	-1.630642318725586E+1
3.157108057464085E+9	-1.624991416931152E+1
3.157120549656465E+9	-1.621282386779785E+1
3.157133041848845E+9	-1.630158233642578E+1
3.157145534041224E+9	-1.625829505920410E+1
3.157158026233604E+9	-1.633149337768555E+1
3.157170518425984E+9	-1.625413322448730E+1
3.157183010618363E+9	-1.635485458374023E+1
3.157195502810743E+9	-1.632225608825684E+1
3.157207995003123E+9	-1.644501495361328E+1
3.157220487195503E+9	-1.635193252563477E+1
3.157232979387883E+9	-1.625313186645508E+1
3.157245471580262E+9	-1.631328392028809E+1
3.157257963772642E+9	-1.626724624633789E+1
3.157270455965022E+9	-1.619743156433105E+1
3.157282948157402E+9	-1.627881050109863E+1
3.157295440349782E+9	-1.629844284057617E+1
3.157307932542161E+9	-1.626724052429199E+1
3.157320424734541E+9	-1.641594314575195E+1
3.157332916926921E+9	-1.639002418518066E+1
3.157345409119300E+9	-1.636610412597656E+1
3.157357901311680E+9	-1.633532142639160E+1
3.157370393504060E+9	-1.653485679626465E+1
3.157382885696440E+9	-1.639884948730469E+1
3.157395377888820E+9	-1.653682518005371E+1
3.157407870081199E+9	-1.645262145996094E+1
3.157420362273579E+9	-1.652324867248535E+1
3.157432854465959E+9	-1.647821235656738E+1
3.157445346658339E+9	-1.652893066406250E+1
3.157457838850718E+9	-1.655319976806641E+1
3.157470331043098E+9	-1.649293899536133E+1
3.157482823235478E+9	-1.664086914062500E+1
3.157495315427857E+9	-1.641882896423340E+1
3.157507807620237E+9	-1.661111068725586E+1
3.157520299812617E+9	-1.659373474121094E+1
3.157532792004997E+9	-1.645015525817871E+1
3.157545284197377E+9	-1.654236030578613E+1
3.157557776389756E+9	-1.659427261352539E+1
3.157570268582136E+9	-1.660774230957031E+1
3.157582760774516E+9	-1.668979263305664E+1
3.157595252966896E+9	-1.668471717834473E+1
3.157607745159276E+9	-1.653375244140625E+1
3.157620237351655E+9	-1.660433387756348E+1
3.157632729544035E+9	-1.665749359130859E+1
3.157645221736415E+9	-1.666919708251953E+1
3.157657713928794E+9	-1.654061698913574E+1
3.157670206121174E+9	-1.679103088378906E+1
3.157682698313554E+9	-1.671509742736816E+1
3.157695190505934E+9	-1.677018737792969E+1
3.157707682698314E+9	-1.671784782409668E+1
3.157720174890693E+9	-1.676327133178711E+1
3.157732667083073E+9	-1.682253837585449E+1
3.157745159275453E+9	-1.689262580871582E+1
3.157757651467833E+9	-1.682744598388672E+1
3.157770143660213E+9	-1.676911163330078E+1
3.157782635852592E+9	-1.692894744873047E+1
3.157795128044972E+9	-1.696783065795898E+1
3.157807620237351E+9	-1.690830802917480E+1
3.157820112429731E+9	-1.690975952148437E+1
3.157832604622111E+9	-1.688467979431152E+1
3.157845096814491E+9	-1.693319892883301E+1
3.157857589006871E+9	-1.696929931640625E+1
3.157870081199251E+9	-1.689770507812500E+1
3.157882573391630E+9	-1.699218177795410E+1
3.157895065584010E+9	-1.693793869018555E+1
3.157907557776390E+9	-1.686811637878418E+1
3.157920049968770E+9	-1.701703643798828E+1
3.157932542161149E+9	-1.703026771545410E+1
3.157945034353529E+9	-1.701140975952148E+1
3.157957526545909E+9	-1.700717544555664E+1
3.157970018738288E+9	-1.707700729370117E+1
3.157982510930668E+9	-1.711555290222168E+1
3.157995003123048E+9	-1.701299858093262E+1
3.158007495315428E+9	-1.702756118774414E+1
3.158019987507808E+9	-1.700393104553223E+1
3.158032479700187E+9	-1.706011199951172E+1
3.158044971892567E+9	-1.704068565368652E+1
3.158057464084947E+9	-1.702281188964844E+1
3.158069956277327E+9	-1.699382400512695E+1
3.158082448469707E+9	-1.713847160339355E+1
3.158094940662086E+9	-1.706731224060059E+1
3.158107432854466E+9	-1.716901016235352E+1
3.158119925046846E+9	-1.706446075439453E+1
3.158132417239225E+9	-1.704682350158691E+1
3.158144909431605E+9	-1.722818183898926E+1
3.158157401623985E+9	-1.711826133728027E+1
3.158169893816365E+9	-1.722802352905273E+1
3.158182386008745E+9	-1.716824150085449E+1
3.158194878201124E+9	-1.720857048034668E+1
3.158207370393504E+9	-1.722077560424805E+1
3.158219862585884E+9	-1.735363197326660E+1
3.158232354778264E+9	-1.727771377563477E+1
3.158244846970644E+9	-1.727216339111328E+1
3.158257339163023E+9	-1.735490608215332E+1
3.158269831355403E+9	-1.741488075256348E+1
3.158282323547782E+9	-1.739396858215332E+1
3.158294815740162E+9	-1.736596870422363E+1
3.158307307932542E+9	-1.741332626342773E+1
3.158319800124922E+9	-1.727727699279785E+1
3.158332292317302E+9	-1.735417556762695E+1
3.158344784509681E+9	-1.748534965515137E+1
3.158357276702061E+9	-1.738763236999512E+1
3.158369768894441E+9	-1.740569877624512E+1
3.158382261086821E+9	-1.747575378417969E+1
3.158394753279201E+9	-1.757859039306641E+1
3.158407245471580E+9	-1.740535163879395E+1
3.158419737663960E+9	-1.763582611083984E+1
3.158432229856340E+9	-1.752376556396484E+1
3.158444722048719E+9	-1.756310844421387E+1
3.158457214241099E+9	-1.761378860473633E+1
3.158469706433479E+9	-1.770241546630859E+1
3.158482198625859E+9	-1.758274078369141E+1
3.158494690818239E+9	-1.784943962097168E+1
3.158507183010618E+9	-1.764715194702148E+1
3.158519675202998E+9	-1.780257797241211E+1
3.158532167395378E+9	-1.770474815368652E+1
3.158544659587758E+9	-1.786428642272949E+1
3.158557151780138E+9	-1.777541160583496E+1
3.158569643972517E+9	-1.775053596496582E+1
3.158582136164897E+9	-1.777702331542969E+1
3.158594628357277E+9	-1.778766632080078E+1
3.158607120549656E+9	-1.783361434936523E+1
3.158619612742036E+9	-1.785580825805664E+1
3.158632104934416E+9	-1.773975372314453E+1
3.158644597126796E+9	-1.789753150939941E+1
3.158657089319176E+9	-1.787024879455566E+1
3.158669581511555E+9	-1.794187736511230E+1
3.158682073703935E+9	-1.790951728820801E+1
3.158694565896315E+9	-1.799960517883301E+1
3.158707058088695E+9	-1.789610290527344E+1
3.158719550281075E+9	-1.795486831665039E+1
3.158732042473454E+9	-1.804050827026367E+1
3.158744534665834E+9	-1.812302207946777E+1
3.158757026858213E+9	-1.813678169250488E+1
3.158769519050593E+9	-1.816497993469238E+1
3.158782011242973E+9	-1.815285301208496E+1
3.158794503435353E+9	-1.806972312927246E+1
3.158806995627733E+9	-1.816334533691406E+1
3.158819487820112E+9	-1.835347557067871E+1
3.158831980012492E+9	-1.819706153869629E+1
3.158844472204872E+9	-1.819204330444336E+1
3.158856964397252E+9	-1.824286651611328E+1
3.158869456589632E+9	-1.832139015197754E+1
3.158881948782011E+9	-1.841438865661621E+1
3.158894440974391E+9	-1.831480979919434E+1
3.158906933166771E+9	-1.842002296447754E+1
3.158919425359150E+9	-1.823055458068848E+1
3.158931917551530E+9	-1.840814971923828E+1
3.158944409743910E+9	-1.834870338439941E+1
3.158956901936290E+9	-1.864555740356445E+1
3.158969394128670E+9	-1.855116844177246E+1
3.158981886321049E+9	-1.839584350585937E+1
3.158994378513429E+9	-1.848825645446777E+1
3.159006870705809E+9	-1.855089569091797E+1
3.159019362898189E+9	-1.855428504943848E+1
3.159031855090569E+9	-1.838053131103516E+1
3.159044347282948E+9	-1.853911590576172E+1
3.159056839475328E+9	-1.865547752380371E+1
3.159069331667707E+9	-1.863630485534668E+1
3.159081823860087E+9	-1.874400711059570E+1
3.159094316052467E+9	-1.881062698364258E+1
3.159106808244847E+9	-1.863644218444824E+1
3.159119300437227E+9	-1.882746887207031E+1
3.159131792629607E+9	-1.882114028930664E+1
3.159144284821986E+9	-1.872729682922363E+1
3.159156777014366E+9	-1.885413360595703E+1
3.159169269206746E+9	-1.879250717163086E+1
3.159181761399126E+9	-1.887664031982422E+1
3.159194253591506E+9	-1.882121086120605E+1
3.159206745783885E+9	-1.899591636657715E+1
3.159219237976265E+9	-1.897569465637207E+1
3.159231730168644E+9	-1.894750595092773E+1
3.159244222361024E+9	-1.888073348999023E+1
3.159256714553404E+9	-1.894696617126465E+1
3.159269206745784E+9	-1.911647796630859E+1
3.159281698938164E+9	-1.906204032897949E+1
3.159294191130543E+9	-1.897850227355957E+1
3.159306683322923E+9	-1.906082725524902E+1
3.159319175515303E+9	-1.919862937927246E+1
3.159331667707683E+9	-1.926010322570801E+1
3.159344159900063E+9	-1.921446609497070E+1
3.159356652092442E+9	-1.904993438720703E+1
3.159369144284822E+9	-1.930234146118164E+1
3.159381636477202E+9	-1.905474472045898E+1
3.159394128669581E+9	-1.922110557556152E+1
3.159406620861961E+9	-1.933565521240234E+1
3.159419113054341E+9	-1.932997131347656E+1
3.159431605246721E+9	-1.940679931640625E+1
3.159444097439101E+9	-1.947530555725098E+1
3.159456589631480E+9	-1.952564239501953E+1
3.159469081823860E+9	-1.941295242309570E+1
3.159481574016240E+9	-1.938475418090820E+1
3.159494066208620E+9	-1.945615386962891E+1
3.159506558401000E+9	-1.947830009460449E+1
3.159519050593379E+9	-1.976403999328613E+1
3.159531542785759E+9	-1.975588798522949E+1
3.159544034978138E+9	-1.970057678222656E+1
3.159556527170518E+9	-1.956265258789062E+1
3.159569019362898E+9	-1.968283081054687E+1
3.159581511555278E+9	-1.970186233520508E+1
3.159594003747658E+9	-1.986532211303711E+1
3.159606495940037E+9	-1.969292640686035E+1
3.159618988132417E+9	-1.968485069274902E+1
3.159631480324797E+9	-1.976902389526367E+1
3.159643972517177E+9	-1.983442687988281E+1
3.159656464709557E+9	-1.984738159179687E+1
3.159668956901936E+9	-1.971812629699707E+1
3.159681449094316E+9	-1.979362678527832E+1
3.159693941286696E+9	-1.981547737121582E+1
3.159706433479075E+9	-2.003802490234375E+1
3.159718925671455E+9	-1.996445655822754E+1
3.159731417863835E+9	-2.000414466857910E+1
3.159743910056215E+9	-2.003443145751953E+1
3.159756402248595E+9	-2.006525230407715E+1
3.159768894440974E+9	-2.018879699707031E+1
3.159781386633354E+9	-2.012150955200195E+1
3.159793878825734E+9	-2.018473434448242E+1
3.159806371018114E+9	-2.021709251403809E+1
3.159818863210494E+9	-2.014990043640137E+1
3.159831355402873E+9	-2.021911239624023E+1
3.159843847595253E+9	-2.039203453063965E+1
3.159856339787633E+9	-2.030079650878906E+1
3.159868831980012E+9	-2.036931800842285E+1
3.159881324172392E+9	-2.042200660705566E+1
3.159893816364772E+9	-2.049637985229492E+1
3.159906308557152E+9	-2.045961952209473E+1
3.159918800749532E+9	-2.058470344543457E+1
3.159931292941911E+9	-2.053829956054687E+1
3.159943785134291E+9	-2.060858917236328E+1
3.159956277326671E+9	-2.068828201293945E+1
3.159968769519051E+9	-2.061664009094238E+1
3.159981261711431E+9	-2.075710296630859E+1
3.159993753903810E+9	-2.071748542785645E+1
3.160006246096190E+9	-2.074206542968750E+1
3.160018738288569E+9	-2.064926910400391E+1
3.160031230480949E+9	-2.083689498901367E+1
3.160043722673329E+9	-2.094632339477539E+1
3.160056214865709E+9	-2.096162223815918E+1
3.160068707058089E+9	-2.085415649414062E+1
3.160081199250468E+9	-2.100238990783691E+1
3.160093691442848E+9	-2.113529586791992E+1
3.160106183635228E+9	-2.119338226318359E+1
3.160118675827608E+9	-2.125502204895020E+1
3.160131168019988E+9	-2.128367233276367E+1
3.160143660212367E+9	-2.129264068603516E+1
3.160156152404747E+9	-2.138656616210937E+1
3.160168644597127E+9	-2.124286460876465E+1
3.160181136789506E+9	-2.138059043884277E+1
3.160193628981886E+9	-2.136291885375977E+1
3.160206121174266E+9	-2.143255043029785E+1
3.160218613366646E+9	-2.149701499938965E+1
3.160231105559026E+9	-2.129214668273926E+1
3.160243597751405E+9	-2.149547576904297E+1
3.160256089943785E+9	-2.124522590637207E+1
3.160268582136165E+9	-2.138064193725586E+1
3.160281074328545E+9	-2.148122787475586E+1
3.160293566520925E+9	-2.172688293457031E+1
3.160306058713304E+9	-2.180517387390137E+1
3.160318550905684E+9	-2.182788848876953E+1
3.160331043098064E+9	-2.177599906921387E+1
3.160343535290443E+9	-2.186945343017578E+1
3.160356027482823E+9	-2.177026176452637E+1
3.160368519675203E+9	-2.191133117675781E+1
3.160381011867583E+9	-2.202883720397949E+1
3.160393504059963E+9	-2.202377319335937E+1
3.160405996252342E+9	-2.185603332519531E+1
3.160418488444722E+9	-2.201577949523926E+1
3.160430980637102E+9	-2.212015724182129E+1
3.160443472829482E+9	-2.223618507385254E+1
3.160455965021862E+9	-2.221845436096191E+1
3.160468457214241E+9	-2.234375572204590E+1
3.160480949406621E+9	-2.240771102905273E+1
3.160493441599000E+9	-2.245127296447754E+1
3.160505933791380E+9	-2.231515693664551E+1
3.160518425983760E+9	-2.238100242614746E+1
3.160530918176140E+9	-2.246887588500977E+1
3.160543410368520E+9	-2.270645904541016E+1
3.160555902560899E+9	-2.269034767150879E+1
3.160568394753279E+9	-2.265105056762695E+1
3.160580886945659E+9	-2.277646446228027E+1
3.160593379138039E+9	-2.280448913574219E+1
3.160605871330419E+9	-2.280670547485352E+1
3.160618363522798E+9	-2.280649757385254E+1
3.160630855715178E+9	-2.294331169128418E+1
3.160643347907558E+9	-2.298177337646484E+1
3.160655840099937E+9	-2.316150283813477E+1
3.160668332292317E+9	-2.284069633483887E+1
3.160680824484697E+9	-2.311637115478516E+1
3.160693316677077E+9	-2.320921325683594E+1
3.160705808869457E+9	-2.305088424682617E+1
3.160718301061836E+9	-2.332959365844727E+1
3.160730793254216E+9	-2.331913948059082E+1
3.160743285446596E+9	-2.367417144775391E+1
3.160755777638976E+9	-2.352284622192383E+1
3.160768269831356E+9	-2.360994529724121E+1
3.160780762023735E+9	-2.324509239196777E+1
3.160793254216115E+9	-2.371281814575195E+1
3.160805746408494E+9	-2.372633171081543E+1
3.160818238600874E+9	-2.381015586853027E+1
3.160830730793254E+9	-2.399296760559082E+1
3.160843222985634E+9	-2.386581802368164E+1
3.160855715178014E+9	-2.411888313293457E+1
3.160868207370393E+9	-2.398523521423340E+1
3.160880699562773E+9	-2.409170913696289E+1
3.160893191755153E+9	-2.419040107727051E+1
3.160905683947533E+9	-2.416707420349121E+1
3.160918176139913E+9	-2.415277099609375E+1
3.160930668332292E+9	-2.429089546203613E+1
3.160943160524672E+9	-2.432222175598145E+1
3.160955652717052E+9	-2.428332328796387E+1
3.160968144909431E+9	-2.457022094726562E+1
3.160980637101811E+9	-2.470371627807617E+1
3.160993129294191E+9	-2.475552558898926E+1
3.161005621486571E+9	-2.471736526489258E+1
3.161018113678951E+9	-2.475230026245117E+1
3.161030605871330E+9	-2.523187255859375E+1
3.161043098063710E+9	-2.485156250000000E+1
3.161055590256090E+9	-2.492527770996094E+1
3.161068082448470E+9	-2.499419212341309E+1
3.161080574640850E+9	-2.502724075317383E+1
3.161093066833229E+9	-2.506542015075684E+1
3.161105559025609E+9	-2.541773986816406E+1
3.161118051217989E+9	-2.536160087585449E+1
3.161130543410368E+9	-2.546172714233398E+1
3.161143035602748E+9	-2.566249084472656E+1
3.161155527795128E+9	-2.567328834533691E+1
3.161168019987508E+9	-2.567984771728516E+1
3.161180512179888E+9	-2.578295898437500E+1
3.161193004372267E+9	-2.603655242919922E+1
3.161205496564647E+9	-2.602681732177734E+1
3.161217988757027E+9	-2.607291793823242E+1
3.161230480949407E+9	-2.619589424133301E+1
3.161242973141787E+9	-2.612756729125977E+1
3.161255465334166E+9	-2.628347778320312E+1
3.161267957526546E+9	-2.618020629882812E+1
3.161280449718925E+9	-2.664228820800781E+1
3.161292941911305E+9	-2.623799896240234E+1
3.161305434103685E+9	-2.658173561096191E+1
3.161317926296065E+9	-2.680021286010742E+1
3.161330418488445E+9	-2.635461425781250E+1
3.161342910680824E+9	-2.689529418945312E+1
3.161355402873204E+9	-2.709088134765625E+1
3.161367895065584E+9	-2.703744506835937E+1
3.161380387257964E+9	-2.677263832092285E+1
3.161392879450344E+9	-2.679216003417969E+1
3.161405371642723E+9	-2.731637763977051E+1
3.161417863835103E+9	-2.737999916076660E+1
3.161430356027483E+9	-2.739962768554687E+1
3.161442848219862E+9	-2.740373229980469E+1
3.161455340412242E+9	-2.801011657714844E+1
3.161467832604622E+9	-2.767444419860840E+1
3.161480324797002E+9	-2.734039115905762E+1
3.161492816989382E+9	-2.795908546447754E+1
3.161505309181761E+9	-2.767548179626465E+1
3.161517801374141E+9	-2.852526473999023E+1
3.161530293566521E+9	-2.803994750976562E+1
3.161542785758901E+9	-2.832538032531738E+1
3.161555277951281E+9	-2.849446296691895E+1
3.161567770143660E+9	-2.852128982543945E+1
3.161580262336040E+9	-2.862018966674805E+1
3.161592754528420E+9	-2.874542808532715E+1
3.161605246720799E+9	-2.892084503173828E+1
3.161617738913179E+9	-2.880311012268066E+1
3.161630231105559E+9	-2.911434745788574E+1
3.161642723297939E+9	-2.969312858581543E+1
3.161655215490319E+9	-2.912361335754395E+1
3.161667707682698E+9	-2.938767051696777E+1
3.161680199875078E+9	-2.981762695312500E+1
3.161692692067458E+9	-2.942424964904785E+1
3.161705184259838E+9	-2.994656372070312E+1
3.161717676452218E+9	-2.979403877258301E+1
3.161730168644597E+9	-3.002246093750000E+1
3.161742660836977E+9	-2.964929580688477E+1
3.161755153029356E+9	-3.014493179321289E+1
3.161767645221736E+9	-2.998881340026855E+1
3.161780137414116E+9	-3.005662727355957E+1
3.161792629606496E+9	-3.029291534423828E+1
3.161805121798876E+9	-3.007674980163574E+1
3.161817613991255E+9	-3.054915428161621E+1
3.161830106183635E+9	-3.046573066711426E+1
3.161842598376015E+9	-3.086858558654785E+1
3.161855090568395E+9	-3.120139122009277E+1
3.161867582760775E+9	-3.076372718811035E+1
3.161880074953154E+9	-3.116724395751953E+1
3.161892567145534E+9	-3.172321891784668E+1
3.161905059337914E+9	-3.140930366516113E+1
3.161917551530293E+9	-3.150874519348145E+1
3.161930043722673E+9	-3.102358818054199E+1
3.161942535915053E+9	-3.193236923217773E+1
3.161955028107433E+9	-3.183484649658203E+1
3.161967520299813E+9	-3.170197296142578E+1
3.161980012492192E+9	-3.233593368530273E+1
3.161992504684572E+9	-3.236674118041992E+1
3.162004996876952E+9	-3.226771163940430E+1
3.162017489069332E+9	-3.210860443115234E+1
3.162029981261712E+9	-3.195077133178711E+1
3.162042473454091E+9	-3.229970550537109E+1
3.162054965646471E+9	-3.223067474365234E+1
3.162067457838850E+9	-3.231243133544922E+1
3.162079950031230E+9	-3.304792022705078E+1
3.162092442223610E+9	-3.248984146118164E+1
3.162104934415990E+9	-3.230204010009766E+1
3.162117426608370E+9	-3.292444229125977E+1
3.162129918800749E+9	-3.220887756347656E+1
3.162142410993129E+9	-3.246611785888672E+1
3.162154903185509E+9	-3.362218475341797E+1
3.162167395377889E+9	-3.291480255126953E+1
3.162179887570269E+9	-3.317855453491211E+1
3.162192379762649E+9	-3.288473129272461E+1
3.162204871955028E+9	-3.251721191406250E+1
3.162217364147408E+9	-3.293613052368164E+1
3.162229856339787E+9	-3.378010559082031E+1
3.162242348532167E+9	-3.349254226684570E+1
3.162254840724547E+9	-3.305475234985352E+1
3.162267332916927E+9	-3.337855529785156E+1
3.162279825109307E+9	-3.257299804687500E+1
3.162292317301686E+9	-3.364489746093750E+1
3.162304809494066E+9	-3.462831115722656E+1
3.162317301686446E+9	-3.325305938720703E+1
3.162329793878826E+9	-3.331407546997070E+1
3.162342286071206E+9	-3.309237289428711E+1
3.162354778263585E+9	-3.285973739624023E+1
3.162367270455965E+9	-3.274701690673828E+1
3.162379762648345E+9	-3.290077209472656E+1
3.162392254840724E+9	-3.308491897583008E+1
3.162404747033104E+9	-3.336909484863281E+1
3.162417239225484E+9	-3.327917480468750E+1
3.162429731417864E+9	-3.298155593872070E+1
3.162442223610244E+9	-3.288553237915039E+1
3.162454715802623E+9	-3.332732009887695E+1
3.162467207995003E+9	-3.296338272094727E+1
3.162479700187383E+9	-3.240647506713867E+1
3.162492192379763E+9	-3.302040481567383E+1
3.162504684572143E+9	-3.318235397338867E+1
3.162517176764522E+9	-3.273101806640625E+1
3.162529668956902E+9	-3.295742034912109E+1
3.162542161149281E+9	-3.225004959106445E+1
3.162554653341661E+9	-3.271269226074219E+1
3.162567145534041E+9	-3.203302383422852E+1
3.162579637726421E+9	-3.279464721679687E+1
3.162592129918801E+9	-3.185197830200195E+1
3.162604622111180E+9	-3.176303291320801E+1
3.162617114303560E+9	-3.224639892578125E+1
3.162629606495940E+9	-3.184496498107910E+1
3.162642098688320E+9	-3.207537460327148E+1
3.162654590880700E+9	-3.149176406860352E+1
3.162667083073079E+9	-3.111972618103027E+1
3.162679575265459E+9	-3.158538246154785E+1
3.162692067457839E+9	-3.170350265502930E+1
3.162704559650218E+9	-3.122271156311035E+1
3.162717051842598E+9	-3.130622482299805E+1
3.162729544034978E+9	-3.127502632141113E+1
3.162742036227358E+9	-3.112186050415039E+1
3.162754528419738E+9	-3.145252799987793E+1
3.162767020612117E+9	-3.156390762329102E+1
3.162779512804497E+9	-3.071739959716797E+1
3.162792004996877E+9	-3.039226531982422E+1
3.162804497189257E+9	-3.024030685424805E+1
3.162816989381637E+9	-3.011285591125488E+1
3.162829481574016E+9	-3.003284072875977E+1
3.162841973766396E+9	-3.010618782043457E+1
3.162854465958776E+9	-3.033416748046875E+1
3.162866958151155E+9	-3.002163696289062E+1
3.162879450343535E+9	-2.939257049560547E+1
3.162891942535915E+9	-3.029483222961426E+1
3.162904434728295E+9	-2.924863433837891E+1
3.162916926920675E+9	-2.945969009399414E+1
3.162929419113054E+9	-2.906510543823242E+1
3.162941911305434E+9	-2.904692459106445E+1
3.162954403497814E+9	-2.920119857788086E+1
3.162966895690194E+9	-2.918320465087891E+1
3.162979387882574E+9	-2.860869979858398E+1
3.162991880074953E+9	-2.874658203125000E+1
3.163004372267333E+9	-2.865957641601562E+1
3.163016864459713E+9	-2.866944122314453E+1
3.163029356652092E+9	-2.820037460327148E+1
3.163041848844472E+9	-2.850103378295898E+1
3.163054341036852E+9	-2.819708633422852E+1
3.163066833229232E+9	-2.807058906555176E+1
3.163079325421611E+9	-2.821192932128906E+1
3.163091817613991E+9	-2.791165924072266E+1
3.163104309806371E+9	-2.790561294555664E+1
3.163116801998751E+9	-2.820750236511230E+1
3.163129294191131E+9	-2.786977767944336E+1
3.163141786383510E+9	-2.781536293029785E+1
3.163154278575890E+9	-2.760466384887695E+1
3.163166770768270E+9	-2.739990425109863E+1
3.163179262960649E+9	-2.748318290710449E+1
3.163191755153029E+9	-2.734731101989746E+1
3.163204247345409E+9	-2.721648788452148E+1
3.163216739537789E+9	-2.731885147094727E+1
3.163229231730169E+9	-2.724298095703125E+1
3.163241723922548E+9	-2.698844718933105E+1
3.163254216114928E+9	-2.712526512145996E+1
3.163266708307308E+9	-2.685670280456543E+1
3.163279200499688E+9	-2.677468490600586E+1
3.163291692692068E+9	-2.707288169860840E+1
3.163304184884447E+9	-2.653780364990234E+1
3.163316677076827E+9	-2.662301445007324E+1
3.163329169269207E+9	-2.673357009887695E+1
3.163341661461586E+9	-2.629889488220215E+1
3.163354153653966E+9	-2.620804977416992E+1
3.163366645846346E+9	-2.607720947265625E+1
3.163379138038726E+9	-2.625466537475586E+1
3.163391630231105E+9	-2.608946990966797E+1
3.163404122423485E+9	-2.637160873413086E+1
3.163416614615865E+9	-2.595956993103027E+1
3.163429106808245E+9	-2.606761741638184E+1
3.163441599000625E+9	-2.581386375427246E+1
3.163454091193005E+9	-2.539528656005859E+1
3.163466583385384E+9	-2.551738357543945E+1
3.163479075577764E+9	-2.539685440063477E+1
3.163491567770144E+9	-2.558776473999023E+1
3.163504059962523E+9	-2.539465332031250E+1
3.163516552154903E+9	-2.535408401489258E+1
3.163529044347283E+9	-2.539540672302246E+1
3.163541536539663E+9	-2.522395706176758E+1
3.163554028732042E+9	-2.519735717773437E+1
3.163566520924422E+9	-2.483784294128418E+1
3.163579013116802E+9	-2.508215332031250E+1
3.163591505309182E+9	-2.493848419189453E+1
3.163603997501562E+9	-2.488067054748535E+1
3.163616489693941E+9	-2.470130348205566E+1
3.163628981886321E+9	-2.476553344726562E+1
3.163641474078701E+9	-2.478581047058105E+1
3.163653966271080E+9	-2.471968841552734E+1
3.163666458463460E+9	-2.455170822143555E+1
3.163678950655840E+9	-2.456223869323730E+1
3.163691442848220E+9	-2.451006698608398E+1
3.163703935040600E+9	-2.451726722717285E+1
3.163716427232979E+9	-2.435958290100098E+1
3.163728919425359E+9	-2.444092750549316E+1
3.163741411617739E+9	-2.413865470886230E+1
3.163753903810119E+9	-2.431355667114258E+1
3.163766396002499E+9	-2.419381904602051E+1
3.163778888194878E+9	-2.414859390258789E+1
3.163791380387258E+9	-2.392036628723145E+1
3.163803872579638E+9	-2.411422729492187E+1
3.163816364772017E+9	-2.403819084167480E+1
3.163828856964397E+9	-2.409381294250488E+1
3.163841349156777E+9	-2.388590240478516E+1
3.163853841349157E+9	-2.407867813110352E+1
3.163866333541536E+9	-2.368562698364258E+1
3.163878825733916E+9	-2.366334152221680E+1
3.163891317926296E+9	-2.379405212402344E+1
3.163903810118676E+9	-2.371892929077148E+1
3.163916302311056E+9	-2.350658416748047E+1
3.163928794503435E+9	-2.373913955688477E+1
3.163941286695815E+9	-2.360251235961914E+1
3.163953778888195E+9	-2.347508049011230E+1
3.163966271080575E+9	-2.316741180419922E+1
3.163978763272954E+9	-2.339934349060059E+1
3.163991255465334E+9	-2.331700897216797E+1
3.164003747657714E+9	-2.339826393127441E+1
3.164016239850094E+9	-2.322815895080566E+1
3.164028732042473E+9	-2.342157363891602E+1
3.164041224234853E+9	-2.315292358398437E+1
3.164053716427233E+9	-2.313951873779297E+1
3.164066208619613E+9	-2.319158744812012E+1
3.164078700811993E+9	-2.314000892639160E+1
3.164091193004372E+9	-2.310942840576172E+1
3.164103685196752E+9	-2.329319000244141E+1
3.164116177389132E+9	-2.291949653625488E+1
3.164128669581511E+9	-2.291223144531250E+1
3.164141161773891E+9	-2.276056098937988E+1
3.164153653966271E+9	-2.284972000122070E+1
3.164166146158651E+9	-2.271831130981445E+1
3.164178638351031E+9	-2.255551910400391E+1
3.164191130543410E+9	-2.263549041748047E+1
3.164203622735790E+9	-2.266999626159668E+1
3.164216114928170E+9	-2.246221542358398E+1
3.164228607120550E+9	-2.255430221557617E+1
3.164241099312930E+9	-2.222419548034668E+1
3.164253591505309E+9	-2.241085243225098E+1
3.164266083697689E+9	-2.230833625793457E+1
3.164278575890069E+9	-2.240990066528320E+1
3.164291068082448E+9	-2.209449005126953E+1
3.164303560274828E+9	-2.222212219238281E+1
3.164316052467208E+9	-2.218762969970703E+1
3.164328544659588E+9	-2.214295387268066E+1
3.164341036851967E+9	-2.205338287353516E+1
3.164353529044347E+9	-2.206240463256836E+1
3.164366021236727E+9	-2.206431961059570E+1
3.164378513429107E+9	-2.218338584899902E+1
3.164391005621487E+9	-2.217735290527344E+1
3.164403497813866E+9	-2.200265312194824E+1
3.164415990006246E+9	-2.195376968383789E+1
3.164428482198626E+9	-2.198596763610840E+1
3.164440974391006E+9	-2.198537445068359E+1
3.164453466583385E+9	-2.188648414611816E+1
3.164465958775765E+9	-2.194850730895996E+1
3.164478450968145E+9	-2.180755615234375E+1
3.164490943160525E+9	-2.194264030456543E+1
3.164503435352904E+9	-2.173330497741699E+1
3.164515927545284E+9	-2.154201889038086E+1
3.164528419737664E+9	-2.157699012756348E+1
3.164540911930044E+9	-2.164317893981934E+1
3.164553404122424E+9	-2.163382339477539E+1
3.164565896314803E+9	-2.151797866821289E+1
3.164578388507183E+9	-2.165645027160645E+1
3.164590880699563E+9	-2.148133468627930E+1
3.164603372891942E+9	-2.138795471191406E+1
3.164615865084322E+9	-2.126555442810059E+1
3.164628357276702E+9	-2.096826553344727E+1
3.164640849469082E+9	-2.112660026550293E+1
3.164653341661461E+9	-2.107624626159668E+1
3.164665833853841E+9	-2.108679771423340E+1
3.164678326046221E+9	-2.111529350280762E+1
3.164690818238601E+9	-2.118067359924316E+1
3.164703310430981E+9	-2.118498039245605E+1
3.164715802623361E+9	-2.096050453186035E+1
3.164728294815740E+9	-2.100921249389648E+1
3.164740787008120E+9	-2.098676872253418E+1
3.164753279200500E+9	-2.102285957336426E+1
3.164765771392879E+9	-2.098893547058105E+1
3.164778263585259E+9	-2.094107818603516E+1
3.164790755777639E+9	-2.095126152038574E+1
3.164803247970019E+9	-2.090865325927734E+1
3.164815740162398E+9	-2.088893699645996E+1
3.164828232354778E+9	-2.085265541076660E+1
3.164840724547158E+9	-2.082947540283203E+1
3.164853216739538E+9	-2.068970489501953E+1
3.164865708931918E+9	-2.066384696960449E+1
3.164878201124297E+9	-2.089877319335937E+1
3.164890693316677E+9	-2.064775085449219E+1
3.164903185509057E+9	-2.049701309204102E+1
3.164915677701437E+9	-2.062948036193848E+1
3.164928169893816E+9	-2.049360466003418E+1
3.164940662086196E+9	-2.047001266479492E+1
3.164953154278576E+9	-2.054269409179687E+1
3.164965646470956E+9	-2.050218391418457E+1
3.164978138663335E+9	-2.027448654174805E+1
3.164990630855715E+9	-2.048231887817383E+1
3.165003123048095E+9	-2.048704910278320E+1
3.165015615240475E+9	-2.051477432250977E+1
3.165028107432855E+9	-2.040840530395508E+1
3.165040599625234E+9	-2.037977027893066E+1
3.165053091817614E+9	-2.030390930175781E+1
3.165065584009994E+9	-2.018309593200684E+1
3.165078076202374E+9	-2.026618194580078E+1
3.165090568394753E+9	-2.028499031066895E+1
3.165103060587133E+9	-2.025290489196777E+1
3.165115552779513E+9	-2.016755867004395E+1
3.165128044971892E+9	-2.021644592285156E+1
3.165140537164272E+9	-2.009556198120117E+1
3.165153029356652E+9	-2.018216896057129E+1
3.165165521549032E+9	-2.004989624023437E+1
3.165178013741412E+9	-2.012265396118164E+1
3.165190505933791E+9	-2.016747283935547E+1
3.165202998126171E+9	-2.031475448608398E+1
3.165215490318551E+9	-2.030341339111328E+1
3.165227982510931E+9	-2.020547676086426E+1
3.165240474703310E+9	-2.010818290710449E+1
3.165252966895690E+9	-2.010059738159180E+1
3.165265459088070E+9	-2.012096977233887E+1
3.165277951280450E+9	-2.015183067321777E+1
3.165290443472829E+9	-1.997184371948242E+1
3.165302935665209E+9	-1.994773101806641E+1
3.165315427857589E+9	-1.985344123840332E+1
3.165327920049969E+9	-1.992359924316406E+1
3.165340412242349E+9	-1.999732208251953E+1
3.165352904434728E+9	-1.998631668090820E+1
3.165365396627108E+9	-1.993692016601562E+1
3.165377888819488E+9	-1.993215179443359E+1
3.165390381011868E+9	-2.002736854553223E+1
3.165402873204247E+9	-2.016425132751465E+1
3.165415365396627E+9	-2.046055984497070E+1
3.165427857589007E+9	-2.039872741699219E+1
3.165440349781387E+9	-2.055897903442383E+1
3.165452841973766E+9	-2.020154190063477E+1
3.165465334166146E+9	-2.007472419738770E+1
3.165477826358526E+9	-2.008363151550293E+1
3.165490318550906E+9	-2.021575164794922E+1
3.165502810743286E+9	-2.012417030334473E+1
3.165515302935665E+9	-2.012221336364746E+1
3.165527795128045E+9	-1.994511795043945E+1
3.165540287320425E+9	-1.995710372924805E+1
3.165552779512805E+9	-1.997093772888184E+1
3.165565271705184E+9	-1.998009490966797E+1
3.165577763897564E+9	-1.984838104248047E+1
3.165590256089944E+9	-1.993426513671875E+1
3.165602748282323E+9	-1.979833221435547E+1
3.165615240474703E+9	-1.992499351501465E+1
3.165627732667083E+9	-1.985185050964355E+1
3.165640224859463E+9	-1.971063423156738E+1
3.165652717051843E+9	-1.963493537902832E+1
3.165665209244222E+9	-1.954637718200684E+1
3.165677701436602E+9	-1.951814842224121E+1
3.165690193628982E+9	-1.952501487731934E+1
3.165702685821362E+9	-1.917698478698730E+1
3.165715178013741E+9	-1.955850791931152E+1
3.165727670206121E+9	-1.960121154785156E+1
3.165740162398501E+9	-1.948067665100098E+1
3.165752654590881E+9	-1.958297348022461E+1
3.165765146783260E+9	-1.938682556152344E+1
3.165777638975640E+9	-1.952062988281250E+1
3.165790131168020E+9	-1.948539543151855E+1
3.165802623360400E+9	-1.946257400512695E+1
3.165815115552780E+9	-1.941398239135742E+1
3.165827607745159E+9	-1.956125450134277E+1
3.165840099937539E+9	-1.951200103759766E+1
3.165852592129919E+9	-1.924906921386719E+1
3.165865084322299E+9	-1.908644294738770E+1
3.165877576514678E+9	-1.907950973510742E+1
3.165890068707058E+9	-1.914548301696777E+1
3.165902560899438E+9	-1.920568466186523E+1
3.165915053091817E+9	-1.906101226806641E+1
3.165927545284197E+9	-1.906211853027344E+1
3.165940037476577E+9	-1.888776016235352E+1
3.165952529668957E+9	-1.887123489379883E+1
3.165965021861337E+9	-1.909729957580566E+1
3.165977514053717E+9	-1.900655364990234E+1
3.165990006246096E+9	-1.906191062927246E+1
3.166002498438476E+9	-1.896477890014648E+1
3.166014990630856E+9	-1.897919273376465E+1
3.166027482823236E+9	-1.896724891662598E+1
3.166039975015615E+9	-1.890947151184082E+1
3.166052467207995E+9	-1.893090248107910E+1
3.166064959400375E+9	-1.888859176635742E+1
3.166077451592754E+9	-1.889784240722656E+1
3.166089943785134E+9	-1.889990043640137E+1
3.166102435977514E+9	-1.883495712280273E+1
3.166114928169894E+9	-1.889293098449707E+1
3.166127420362274E+9	-1.879644012451172E+1
3.166139912554653E+9	-1.884771728515625E+1
3.166152404747033E+9	-1.884823417663574E+1
3.166164896939413E+9	-1.878129577636719E+1
3.166177389131793E+9	-1.881766319274902E+1
3.166189881324172E+9	-1.886490631103516E+1
3.166202373516552E+9	-1.873884391784668E+1
3.166214865708932E+9	-1.884473609924316E+1
3.166227357901312E+9	-1.881571960449219E+1
3.166239850093691E+9	-1.879980278015137E+1
3.166252342286071E+9	-1.868781661987305E+1
3.166264834478451E+9	-1.870607757568359E+1
3.166277326670831E+9	-1.861959457397461E+1
3.166289818863211E+9	-1.874134254455566E+1
3.166302311055590E+9	-1.862195777893066E+1
3.166314803247970E+9	-1.856341743469238E+1
3.166327295440350E+9	-1.845895195007324E+1
3.166339787632730E+9	-1.845107460021973E+1
3.166352279825109E+9	-1.849309158325195E+1
3.166364772017489E+9	-1.857123947143555E+1
3.166377264209869E+9	-1.842250633239746E+1
3.166389756402248E+9	-1.835485649108887E+1
3.166402248594628E+9	-1.834344482421875E+1
3.166414740787008E+9	-1.843037796020508E+1
3.166427232979388E+9	-1.838456344604492E+1
3.166439725171768E+9	-1.829179000854492E+1
3.166452217364147E+9	-1.840174102783203E+1
3.166464709556527E+9	-1.827974510192871E+1
3.166477201748907E+9	-1.822865486145020E+1
3.166489693941287E+9	-1.835838317871094E+1
3.166502186133667E+9	-1.815577507019043E+1
3.166514678326046E+9	-1.823432159423828E+1
3.166527170518426E+9	-1.807590484619141E+1
3.166539662710806E+9	-1.821846771240234E+1
3.166552154903185E+9	-1.821078109741211E+1
3.166564647095565E+9	-1.813317680358887E+1
3.166577139287945E+9	-1.819474029541016E+1
3.166589631480325E+9	-1.807512664794922E+1
3.166602123672705E+9	-1.819273948669434E+1
3.166614615865084E+9	-1.808514404296875E+1
3.166627108057464E+9	-1.805760765075684E+1
3.166639600249844E+9	-1.806059646606445E+1
3.166652092442224E+9	-1.809933471679687E+1
3.166664584634603E+9	-1.830402565002441E+1
3.166677076826983E+9	-1.819637107849121E+1
3.166689569019363E+9	-1.815769386291504E+1
3.166702061211743E+9	-1.811351203918457E+1
3.166714553404122E+9	-1.795110893249512E+1
3.166727045596502E+9	-1.793773269653320E+1
3.166739537788882E+9	-1.789688682556152E+1
3.166752029981262E+9	-1.795469474792480E+1
3.166764522173642E+9	-1.810232543945312E+1
3.166777014366021E+9	-1.804926109313965E+1
3.166789506558401E+9	-1.796445655822754E+1
3.166801998750781E+9	-1.796129989624023E+1
3.166814490943161E+9	-1.781718635559082E+1
3.166826983135540E+9	-1.791955947875977E+1
3.166839475327920E+9	-1.786113548278809E+1
3.166851967520300E+9	-1.780662345886230E+1
3.166864459712679E+9	-1.793402099609375E+1
3.166876951905059E+9	-1.790390586853027E+1
3.166889444097439E+9	-1.773445129394531E+1
3.166901936289819E+9	-1.766012382507324E+1
3.166914428482199E+9	-1.776260185241699E+1
3.166926920674578E+9	-1.765004348754883E+1
3.166939412866958E+9	-1.779221153259277E+1
3.166951905059338E+9	-1.777295684814453E+1
3.166964397251718E+9	-1.772134780883789E+1
3.166976889444098E+9	-1.783069229125977E+1
3.166989381636477E+9	-1.774989509582520E+1
3.167001873828857E+9	-1.772319030761719E+1
3.167014366021237E+9	-1.760513877868652E+1
3.167026858213616E+9	-1.772346115112305E+1
3.167039350405996E+9	-1.752490234375000E+1
3.167051842598376E+9	-1.741696548461914E+1
3.167064334790756E+9	-1.721773910522461E+1
3.167076826983136E+9	-1.725249099731445E+1
3.167089319175515E+9	-1.723473548889160E+1
3.167101811367895E+9	-1.748837661743164E+1
3.167114303560275E+9	-1.737552261352539E+1
3.167126795752655E+9	-1.745426559448242E+1
3.167139287945035E+9	-1.739406013488770E+1
3.167151780137414E+9	-1.742008590698242E+1
3.167164272329794E+9	-1.765258026123047E+1
3.167176764522173E+9	-1.778418350219727E+1
3.167189256714553E+9	-1.788128662109375E+1
3.167201748906933E+9	-1.775393486022949E+1
3.167214241099313E+9	-1.756590843200684E+1
3.167226733291693E+9	-1.765382194519043E+1
3.167239225484073E+9	-1.756725883483887E+1
3.167251717676452E+9	-1.759198760986328E+1
3.167264209868832E+9	-1.764410781860352E+1
3.167276702061212E+9	-1.767675781250000E+1
3.167289194253592E+9	-1.766090583801270E+1
3.167301686445971E+9	-1.756558990478516E+1
3.167314178638351E+9	-1.764562034606934E+1
3.167326670830731E+9	-1.750772666931152E+1
3.167339163023110E+9	-1.755068206787109E+1
3.167351655215490E+9	-1.753837394714355E+1
3.167364147407870E+9	-1.751041603088379E+1
3.167376639600250E+9	-1.750748634338379E+1
3.167389131792630E+9	-1.746975135803223E+1
3.167401623985009E+9	-1.740620803833008E+1
3.167414116177389E+9	-1.751707267761230E+1
3.167426608369769E+9	-1.706088447570801E+1
3.167439100562149E+9	-1.702665710449219E+1
3.167451592754529E+9	-1.703752517700195E+1
3.167464084946908E+9	-1.714478111267090E+1
3.167476577139288E+9	-1.709676361083984E+1
3.167489069331668E+9	-1.709169006347656E+1
3.167501561524047E+9	-1.675288009643555E+1
3.167514053716427E+9	-1.667436981201172E+1
3.167526545908807E+9	-1.678677368164062E+1
3.167539038101187E+9	-1.668252182006836E+1
3.167551530293567E+9	-1.671032524108887E+1
3.167564022485946E+9	-1.689475059509277E+1
3.167576514678326E+9	-1.674907112121582E+1
3.167589006870706E+9	-1.684845924377441E+1
3.167601499063086E+9	-1.675293731689453E+1
3.167613991255466E+9	-1.696016883850098E+1
3.167626483447845E+9	-1.697443771362305E+1
3.167638975640225E+9	-1.709362030029297E+1
3.167651467832604E+9	-1.690599441528320E+1
3.167663960024984E+9	-1.683580589294434E+1
3.167676452217364E+9	-1.686276626586914E+1
3.167688944409744E+9	-1.673258399963379E+1
3.167701436602124E+9	-1.670902061462402E+1
3.167713928794503E+9	-1.677640533447266E+1
3.167726420986883E+9	-1.674375534057617E+1
3.167738913179263E+9	-1.678785514831543E+1
3.167751405371643E+9	-1.680314445495605E+1
3.167763897564023E+9	-1.675656509399414E+1
3.167776389756402E+9	-1.676781463623047E+1
3.167788881948782E+9	-1.676738548278809E+1
3.167801374141162E+9	-1.683126831054687E+1
3.167813866333541E+9	-1.689853096008301E+1
3.167826358525921E+9	-1.675696182250977E+1
3.167838850718301E+9	-1.675727081298828E+1
3.167851342910681E+9	-1.681247138977051E+1
3.167863835103061E+9	-1.681555175781250E+1
3.167876327295440E+9	-1.672802925109863E+1
3.167888819487820E+9	-1.674371337890625E+1
3.167901311680200E+9	-1.667684936523437E+1
3.167913803872580E+9	-1.678551483154297E+1
3.167926296064960E+9	-1.721394348144531E+1
3.167938788257339E+9	-1.709920310974121E+1
3.167951280449719E+9	-1.711300277709961E+1
3.167963772642099E+9	-1.718310928344727E+1
3.167976264834478E+9	-1.709175872802734E+1
3.167988757026858E+9	-1.717893409729004E+1
3.168001249219238E+9	-1.719252395629883E+1
3.168013741411618E+9	-1.711469078063965E+1
3.168026233603998E+9	-1.693965721130371E+1
3.168038725796377E+9	-1.681774711608887E+1
3.168051217988757E+9	-1.688502502441406E+1
3.168063710181137E+9	-1.691831779479980E+1
3.168076202373517E+9	-1.709418678283691E+1
3.168088694565897E+9	-1.696082496643066E+1
3.168101186758276E+9	-1.703658485412598E+1
3.168113678950656E+9	-1.694631385803223E+1
3.168126171143035E+9	-1.684391212463379E+1
3.168138663335415E+9	-1.703148651123047E+1
3.168151155527795E+9	-1.701570129394531E+1
3.168163647720175E+9	-1.706622314453125E+1
3.168176139912555E+9	-1.702611923217773E+1
3.168188632104934E+9	-1.699921226501465E+1
3.168201124297314E+9	-1.676775932312012E+1
3.168213616489694E+9	-1.686034965515137E+1
3.168226108682074E+9	-1.667464065551758E+1
3.168238600874454E+9	-1.675500488281250E+1
3.168251093066833E+9	-1.680627822875977E+1
3.168263585259213E+9	-1.670798301696777E+1
3.168276077451593E+9	-1.669062805175781E+1
3.168288569643972E+9	-1.670462417602539E+1
3.168301061836352E+9	-1.683982849121094E+1
3.168313554028732E+9	-1.667789459228516E+1
3.168326046221112E+9	-1.663581466674805E+1
3.168338538413492E+9	-1.662089157104492E+1
3.168351030605871E+9	-1.664951515197754E+1
3.168363522798251E+9	-1.665745353698730E+1
3.168376014990631E+9	-1.655281066894531E+1
3.168388507183011E+9	-1.660213661193848E+1
3.168400999375391E+9	-1.661203193664551E+1
3.168413491567770E+9	-1.649434852600098E+1
3.168425983760150E+9	-1.659876632690430E+1
3.168438475952530E+9	-1.665264320373535E+1
3.168450968144909E+9	-1.666943168640137E+1
3.168463460337289E+9	-1.663422012329102E+1
3.168475952529669E+9	-1.658805465698242E+1
3.168488444722049E+9	-1.663509750366211E+1
3.168500936914429E+9	-1.651308631896973E+1
3.168513429106808E+9	-1.668587112426758E+1
3.168525921299188E+9	-1.660647964477539E+1
3.168538413491568E+9	-1.669059181213379E+1
3.168550905683948E+9	-1.671217346191406E+1
3.168563397876328E+9	-1.667057037353516E+1
3.168575890068707E+9	-1.661318016052246E+1
3.168588382261087E+9	-1.671828651428223E+1
3.168600874453466E+9	-1.671554946899414E+1
3.168613366645846E+9	-1.680034065246582E+1
3.168625858838226E+9	-1.673767662048340E+1
3.168638351030606E+9	-1.671487045288086E+1
3.168650843222986E+9	-1.666388511657715E+1
3.168663335415365E+9	-1.673160743713379E+1
3.168675827607745E+9	-1.675807762145996E+1
3.168688319800125E+9	-1.672881507873535E+1
3.168700811992505E+9	-1.667236900329590E+1
3.168713304184885E+9	-1.672877883911133E+1
3.168725796377264E+9	-1.670255088806152E+1
3.168738288569644E+9	-1.659616851806641E+1
3.168750780762024E+9	-1.656223106384277E+1
3.168763272954403E+9	-1.635767173767090E+1
3.168775765146783E+9	-1.647515296936035E+1
3.168788257339163E+9	-1.637918281555176E+1
3.168800749531543E+9	-1.636412811279297E+1
3.168813241723923E+9	-1.655966949462891E+1
3.168825733916302E+9	-1.663261032104492E+1
3.168838226108682E+9	-1.660916137695312E+1
3.168850718301062E+9	-1.654731559753418E+1
3.168863210493442E+9	-1.663891220092773E+1
3.168875702685822E+9	-1.657257270812988E+1
3.168888194878201E+9	-1.652490425109863E+1
3.168900687070581E+9	-1.652387428283691E+1
3.168913179262960E+9	-1.656794738769531E+1
3.168925671455340E+9	-1.656040000915527E+1
3.168938163647720E+9	-1.649092674255371E+1
3.168950655840100E+9	-1.652187728881836E+1
3.168963148032480E+9	-1.649267959594727E+1
3.168975640224859E+9	-1.645101928710937E+1
3.168988132417239E+9	-1.644861602783203E+1
3.169000624609619E+9	-1.639261245727539E+1
3.169013116801999E+9	-1.648093795776367E+1
3.169025608994379E+9	-1.650490188598633E+1
3.169038101186758E+9	-1.636499404907227E+1
3.169050593379138E+9	-1.633180236816406E+1
3.169063085571518E+9	-1.633744812011719E+1
3.169075577763897E+9	-1.641502380371094E+1
3.169088069956277E+9	-1.648767662048340E+1
3.169100562148657E+9	-1.651415824890137E+1
3.169113054341037E+9	-1.643053054809570E+1
3.169125546533417E+9	-1.641512298583984E+1
3.169138038725796E+9	-1.650862884521484E+1
3.169150530918176E+9	-1.635827445983887E+1
3.169163023110556E+9	-1.646803092956543E+1
3.169175515302936E+9	-1.642501831054687E+1
3.169188007495316E+9	-1.642647552490234E+1
3.169200499687695E+9	-1.634252357482910E+1
3.169212991880075E+9	-1.645179939270020E+1
3.169225484072455E+9	-1.642863273620605E+1
3.169237976264834E+9	-1.645553016662598E+1
3.169250468457214E+9	-1.646686935424805E+1
3.169262960649594E+9	-1.643375205993652E+1
3.169275452841974E+9	-1.647513008117676E+1
3.169287945034354E+9	-1.646612739562988E+1
3.169300437226733E+9	-1.643915367126465E+1
3.169312929419113E+9	-1.637175941467285E+1
3.169325421611493E+9	-1.637240028381348E+1
3.169337913803873E+9	-1.646549415588379E+1
3.169350405996253E+9	-1.634190940856934E+1
3.169362898188632E+9	-1.636259460449219E+1
3.169375390381012E+9	-1.640475082397461E+1
3.169387882573391E+9	-1.643783187866211E+1
3.169400374765771E+9	-1.641573143005371E+1
3.169412866958151E+9	-1.636392211914062E+1
3.169425359150531E+9	-1.641135787963867E+1
3.169437851342911E+9	-1.637154388427734E+1
3.169450343535290E+9	-1.637671852111816E+1
3.169462835727670E+9	-1.641280746459961E+1
3.169475327920050E+9	-1.644162940979004E+1
3.169487820112430E+9	-1.638921737670898E+1
3.169500312304810E+9	-1.643628883361816E+1
3.169512804497189E+9	-1.637013244628906E+1
3.169525296689569E+9	-1.634157371520996E+1
3.169537788881949E+9	-1.633218193054199E+1
3.169550281074328E+9	-1.631200408935547E+1
3.169562773266708E+9	-1.634309387207031E+1
3.169575265459088E+9	-1.622500419616699E+1
3.169587757651468E+9	-1.635773849487305E+1
3.169600249843848E+9	-1.625320816040039E+1
3.169612742036227E+9	-1.635868835449219E+1
3.169625234228607E+9	-1.630187034606934E+1
3.169637726420987E+9	-1.633942985534668E+1
3.169650218613367E+9	-1.639918518066406E+1
3.169662710805747E+9	-1.623858261108398E+1
3.169675202998126E+9	-1.615472602844238E+1
3.169687695190506E+9	-1.622712707519531E+1
3.169700187382886E+9	-1.611576080322266E+1
3.169712679575265E+9	-1.610839271545410E+1
3.169725171767645E+9	-1.613501167297363E+1
3.169737663960025E+9	-1.611945915222168E+1
3.169750156152405E+9	-1.616954994201660E+1
3.169762648344785E+9	-1.610942077636719E+1
3.169775140537164E+9	-1.605204582214355E+1
3.169787632729544E+9	-1.606537437438965E+1
3.169800124921924E+9	-1.611267089843750E+1
3.169812617114304E+9	-1.611585998535156E+1
3.169825109306684E+9	-1.603404426574707E+1
3.169837601499063E+9	-1.601238632202148E+1
3.169850093691443E+9	-1.603670310974121E+1
3.169862585883822E+9	-1.596333312988281E+1
3.169875078076202E+9	-1.589820861816406E+1
3.169887570268582E+9	-1.595025253295898E+1
3.169900062460962E+9	-1.594132614135742E+1
3.169912554653342E+9	-1.598122501373291E+1
3.169925046845721E+9	-1.600565528869629E+1
3.169937539038101E+9	-1.599992370605469E+1
3.169950031230481E+9	-1.596097087860107E+1
3.169962523422861E+9	-1.603322792053223E+1
3.169975015615241E+9	-1.608212089538574E+1
3.169987507807620E+9	-1.601056098937988E+1
