Date: Thu, Apr 09, 2020 11:24 AM; User: wsLu; Sample: AO08N15B_IVRT

Force G mode: None
Force S mode: AWG:IDC	Force S Rser (Max I): 100Mohm - 20nA
Attn: 1.000000E+0; DL1201 gain: 100; Voff (V): 0.000000E+0;
I bias (A): 1.000000E-10 Coil range (A): 2.000000E-3; Coil factor (G/A): 580

Sense mode: HP:IDC/DL1201; DUT Z setting: >10Gohm
tf stb (ms): 500; ts stb (ms): 50; ts itr (ms): 10; #s itr: 1

SetpG file:
\\JOSH-PC\OurData\wsLu\RawData\DC\setpt\MRmL0d96mA-P0d68t0d96mS5u_57d.txt
SetpS file:
\\JOSH-PC\OurData\wsLu\RawData\DC\setpt\IVnR10nA-PN10nS2n_20d.txt

Note:
1. Pin assignment:2ba,8ab
2. HP34401 fast 6 digit
3. DL1201 preamp, HPF DC, LPF 3Hz; DC coupled, line power



!DATASTR!
Time	T1	T2	T5	T6	T8	IG	IS	V1	SD1	V2	SD2	Rcali
(min)	(K)	(K)	(K)	(K)	(K)	(A)	(A)	(V)	(V)	(V)	(V)	(ohm)
1.01172E-2	-1.00000E+0	-1.00000E+0	-1.00000E+0	-1.00000E+0	1.02005E+2	1.73200E+0	0.00000E+0	5.76322E-5	NaN	-1.00000E+0	-1.00000E+0	-1.00000E+0
2.82683E-2	-1.00000E+0	-1.00000E+0	-1.00000E+0	-1.00000E+0	1.02005E+2	1.73200E+0	2.00000E-9	6.65205E-5	NaN	-1.00000E+0	-1.00000E+0	-1.00000E+0
4.76694E-2	-1.00000E+0	-1.00000E+0	-1.00000E+0	-1.00000E+0	1.02005E+2	1.73200E+0	4.00000E-9	7.57036E-5	NaN	-1.00000E+0	-1.00000E+0	-1.00000E+0
6.75039E-2	-1.00000E+0	-1.00000E+0	-1.00000E+0	-1.00000E+0	1.02005E+2	1.73200E+0	6.00000E-9	8.45278E-5	NaN	-1.00000E+0	-1.00000E+0	-1.00000E+0
8.53049E-2	-1.00000E+0	-1.00000E+0	-1.00000E+0	-1.00000E+0	1.02005E+2	1.73200E+0	8.00000E-9	9.35122E-5	NaN	-1.00000E+0	-1.00000E+0	-1.00000E+0
1.03773E-1	-1.00000E+0	-1.00000E+0	-1.00000E+0	-1.00000E+0	1.02005E+2	1.73200E+0	1.00000E-8	1.02366E-4	NaN	-1.00000E+0	-1.00000E+0	-1.00000E+0
1.21224E-1	-1.00000E+0	-1.00000E+0	-1.00000E+0	-1.00000E+0	1.02005E+2	1.73200E+0	8.00000E-9	9.35294E-5	NaN	-1.00000E+0	-1.00000E+0	-1.00000E+0
1.39875E-1	-1.00000E+0	-1.00000E+0	-1.00000E+0	-1.00000E+0	1.02005E+2	1.73200E+0	6.00000E-9	8.44941E-5	NaN	-1.00000E+0	-1.00000E+0	-1.00000E+0
1.57926E-1	-1.00000E+0	-1.00000E+0	-1.00000E+0	-1.00000E+0	1.02005E+2	1.73200E+0	4.00000E-9	7.57543E-5	NaN	-1.00000E+0	-1.00000E+0	-1.00000E+0
1.77643E-1	-1.00000E+0	-1.00000E+0	-1.00000E+0	-1.00000E+0	1.02005E+2	1.73200E+0	2.00000E-9	6.67407E-5	NaN	-1.00000E+0	-1.00000E+0	-1.00000E+0
1.96261E-1	-1.00000E+0	-1.00000E+0	-1.00000E+0	-1.00000E+0	1.02005E+2	1.73200E+0	0.00000E+0	5.77383E-5	NaN	-1.00000E+0	-1.00000E+0	-1.00000E+0
2.14579E-1	-1.00000E+0	-1.00000E+0	-1.00000E+0	-1.00000E+0	1.02005E+2	1.73200E+0	-2.00000E-9	4.87841E-5	NaN	-1.00000E+0	-1.00000E+0	-1.00000E+0
2.34397E-1	-1.00000E+0	-1.00000E+0	-1.00000E+0	-1.00000E+0	1.02005E+2	1.73200E+0	-4.00000E-9	3.98646E-5	NaN	-1.00000E+0	-1.00000E+0	-1.00000E+0
2.52198E-1	-1.00000E+0	-1.00000E+0	-1.00000E+0	-1.00000E+0	1.02005E+2	1.73200E+0	-6.00000E-9	3.08866E-5	NaN	-1.00000E+0	-1.00000E+0	-1.00000E+0
2.71516E-1	-1.00000E+0	-1.00000E+0	-1.00000E+0	-1.00000E+0	1.02005E+2	1.73200E+0	-8.00000E-9	2.18900E-5	NaN	-1.00000E+0	-1.00000E+0	-1.00000E+0
2.89450E-1	-1.00000E+0	-1.00000E+0	-1.00000E+0	-1.00000E+0	1.02005E+2	1.73200E+0	-1.00000E-8	1.29295E-5	NaN	-1.00000E+0	-1.00000E+0	-1.00000E+0
3.07684E-1	-1.00000E+0	-1.00000E+0	-1.00000E+0	-1.00000E+0	1.02005E+2	1.73200E+0	-8.00000E-9	2.18266E-5	NaN	-1.00000E+0	-1.00000E+0	-1.00000E+0
3.25369E-1	-1.00000E+0	-1.00000E+0	-1.00000E+0	-1.00000E+0	1.02005E+2	1.73200E+0	-6.00000E-9	3.07273E-5	NaN	-1.00000E+0	-1.00000E+0	-1.00000E+0
3.44036E-1	-1.00000E+0	-1.00000E+0	-1.00000E+0	-1.00000E+0	1.02005E+2	1.73200E+0	-4.00000E-9	3.95042E-5	NaN	-1.00000E+0	-1.00000E+0	-1.00000E+0
3.62604E-1	-1.00000E+0	-1.00000E+0	-1.00000E+0	-1.00000E+0	1.02005E+2	1.73200E+0	-2.00000E-9	4.83778E-5	NaN	-1.00000E+0	-1.00000E+0	-1.00000E+0
3.81255E-1	-1.00000E+0	-1.00000E+0	-1.00000E+0	-1.00000E+0	1.02005E+2	1.73200E+0	0.00000E+0	5.73328E-5	NaN	-1.00000E+0	-1.00000E+0	-1.00000E+0
