Date: Thu, Apr 09, 2020 11:26 AM; User: wsLu; Sample: AO08N14B_IVRT

Force G mode: None
Force S mode: AWG:IDC	Force S Rser (Max I): 100Mohm - 20nA
Attn: 1.000000E+0; DL1201 gain: 100; Voff (V): 0.000000E+0;
I bias (A): 1.000000E-10 Coil range (A): 2.000000E-3; Coil factor (G/A): 580

Sense mode: HP:IDC/DL1201; DUT Z setting: >10Gohm
tf stb (ms): 500; ts stb (ms): 50; ts itr (ms): 10; #s itr: 1

SetpG file:
\\JOSH-PC\OurData\wsLu\RawData\DC\setpt\MRmL0d96mA-P0d68t0d96mS5u_57d.txt
SetpS file:
\\JOSH-PC\OurData\wsLu\RawData\DC\setpt\IVnR10nA-PN10nS2n_20d.txt

Note:
1. Pin assignment:2ba,5ba
2. HP34401 fast 6 digit
3. DL1201 preamp, HPF DC, LPF 3Hz; DC coupled, line power



!DATASTR!
Time	T1	T2	T5	T6	T8	IG	IS	V1	SD1	V2	SD2	Rcali
(min)	(K)	(K)	(K)	(K)	(K)	(A)	(A)	(V)	(V)	(V)	(V)	(ohm)
1.00672E-2	-1.00000E+0	-1.00000E+0	-1.00000E+0	-1.00000E+0	1.02005E+2	1.73200E+0	0.00000E+0	-1.86422E-3	NaN	-1.00000E+0	-1.00000E+0	-1.00000E+0
2.83850E-2	-1.00000E+0	-1.00000E+0	-1.00000E+0	-1.00000E+0	1.02005E+2	1.73200E+0	2.00000E-9	-3.08454E-3	NaN	-1.00000E+0	-1.00000E+0	-1.00000E+0
4.76861E-2	-1.00000E+0	-1.00000E+0	-1.00000E+0	-1.00000E+0	1.02005E+2	1.73200E+0	4.00000E-9	-4.13167E-3	NaN	-1.00000E+0	-1.00000E+0	-1.00000E+0
6.73205E-2	-1.00000E+0	-1.00000E+0	-1.00000E+0	-1.00000E+0	1.02005E+2	1.73200E+0	6.00000E-9	-4.93890E-3	NaN	-1.00000E+0	-1.00000E+0	-1.00000E+0
8.51882E-2	-1.00000E+0	-1.00000E+0	-1.00000E+0	-1.00000E+0	1.02005E+2	1.73200E+0	8.00000E-9	-5.53014E-3	NaN	-1.00000E+0	-1.00000E+0	-1.00000E+0
1.03773E-1	-1.00000E+0	-1.00000E+0	-1.00000E+0	-1.00000E+0	1.02005E+2	1.73200E+0	1.00000E-8	-6.04051E-3	NaN	-1.00000E+0	-1.00000E+0	-1.00000E+0
1.21707E-1	-1.00000E+0	-1.00000E+0	-1.00000E+0	-1.00000E+0	1.02005E+2	1.73200E+0	8.00000E-9	-6.49639E-3	NaN	-1.00000E+0	-1.00000E+0	-1.00000E+0
1.39691E-1	-1.00000E+0	-1.00000E+0	-1.00000E+0	-1.00000E+0	1.02005E+2	1.73200E+0	6.00000E-9	-6.89844E-3	NaN	-1.00000E+0	-1.00000E+0	-1.00000E+0
1.57542E-1	-1.00000E+0	-1.00000E+0	-1.00000E+0	-1.00000E+0	1.02005E+2	1.73200E+0	4.00000E-9	-7.25166E-3	NaN	-1.00000E+0	-1.00000E+0	-1.00000E+0
1.76210E-1	-1.00000E+0	-1.00000E+0	-1.00000E+0	-1.00000E+0	1.02005E+2	1.73200E+0	2.00000E-9	-7.58190E-3	NaN	-1.00000E+0	-1.00000E+0	-1.00000E+0
1.96078E-1	-1.00000E+0	-1.00000E+0	-1.00000E+0	-1.00000E+0	1.02005E+2	1.73200E+0	0.00000E+0	-7.87165E-3	NaN	-1.00000E+0	-1.00000E+0	-1.00000E+0
2.14479E-1	-1.00000E+0	-1.00000E+0	-1.00000E+0	-1.00000E+0	1.02005E+2	1.73200E+0	-2.00000E-9	-8.13965E-3	NaN	-1.00000E+0	-1.00000E+0	-1.00000E+0
2.34480E-1	-1.00000E+0	-1.00000E+0	-1.00000E+0	-1.00000E+0	1.02005E+2	1.73200E+0	-4.00000E-9	-8.35892E-3	NaN	-1.00000E+0	-1.00000E+0	-1.00000E+0
2.51914E-1	-1.00000E+0	-1.00000E+0	-1.00000E+0	-1.00000E+0	1.02005E+2	1.73200E+0	-6.00000E-9	-8.57076E-3	NaN	-1.00000E+0	-1.00000E+0	-1.00000E+0
2.70015E-1	-1.00000E+0	-1.00000E+0	-1.00000E+0	-1.00000E+0	1.02005E+2	1.73200E+0	-8.00000E-9	-8.74680E-3	NaN	-1.00000E+0	-1.00000E+0	-1.00000E+0
2.87550E-1	-1.00000E+0	-1.00000E+0	-1.00000E+0	-1.00000E+0	1.02005E+2	1.73200E+0	-1.00000E-8	-8.91322E-3	NaN	-1.00000E+0	-1.00000E+0	-1.00000E+0
3.05851E-1	-1.00000E+0	-1.00000E+0	-1.00000E+0	-1.00000E+0	1.02005E+2	1.73200E+0	-8.00000E-9	-9.00509E-3	NaN	-1.00000E+0	-1.00000E+0	-1.00000E+0
3.23819E-1	-1.00000E+0	-1.00000E+0	-1.00000E+0	-1.00000E+0	1.02005E+2	1.73200E+0	-6.00000E-9	-9.09362E-3	NaN	-1.00000E+0	-1.00000E+0	-1.00000E+0
3.42986E-1	-1.00000E+0	-1.00000E+0	-1.00000E+0	-1.00000E+0	1.02005E+2	1.73200E+0	-4.00000E-9	-9.16748E-3	NaN	-1.00000E+0	-1.00000E+0	-1.00000E+0
3.61937E-1	-1.00000E+0	-1.00000E+0	-1.00000E+0	-1.00000E+0	1.02005E+2	1.73200E+0	-2.00000E-9	-9.23712E-3	NaN	-1.00000E+0	-1.00000E+0	-1.00000E+0
3.80772E-1	-1.00000E+0	-1.00000E+0	-1.00000E+0	-1.00000E+0	1.02005E+2	1.73200E+0	0.00000E+0	-9.28410E-3	NaN	-1.00000E+0	-1.00000E+0	-1.00000E+0
