Profile 1             
x  y
[m]     [m]         
0  2.0312649e-006            
3.9145787e-009  2.0314068e-006            
7.8291574e-009  2.0316375e-006            
1.1743736e-008  2.031673e-006            
1.5658315e-008  2.0316464e-006            
1.9572894e-008  2.0318061e-006            
2.3487472e-008  2.0316286e-006            
2.7402051e-008  2.0316109e-006            
3.131663e-008  2.0313536e-006            
3.5231208e-008  2.031327e-006            
3.9145787e-008  2.031185e-006            
4.3060366e-008  2.0311141e-006            
4.6974945e-008  2.0311495e-006            
5.0889523e-008  2.0310697e-006            
5.4804102e-008  2.0309987e-006            
5.8718681e-008  2.0310342e-006            
6.263326e-008  2.0310076e-006            
6.6547838e-008  2.0309277e-006            
7.0462417e-008  2.031052e-006            
7.4376996e-008  2.0311407e-006            
7.8291574e-008  2.0310697e-006            
8.2206153e-008  2.0310786e-006            
8.6120732e-008  2.0310874e-006            
9.0035311e-008  2.0311495e-006            
9.3949889e-008  2.0311052e-006            
9.7864468e-008  2.0311939e-006            
1.0177905e-007  2.0311673e-006            
1.0569363e-007  2.0310786e-006            
1.096082e-007  2.0312649e-006            
1.1352278e-007  2.0311939e-006            
1.1743736e-007  2.0310608e-006            
1.2135194e-007  2.0308479e-006            
1.2526652e-007  2.0310076e-006            
1.291811e-007  2.0306882e-006            
1.3309568e-007  2.0307237e-006            
1.3701026e-007  2.0308035e-006            
1.4092483e-007  2.0307858e-006            
1.4483941e-007  2.0305285e-006            
1.4875399e-007  2.0306616e-006            
1.5266857e-007  2.0308834e-006            
1.5658315e-007  2.0307681e-006            
1.6049773e-007  2.0308656e-006            
1.6441231e-007  2.0308923e-006            
1.6832688e-007  2.0309189e-006            
1.7224146e-007  2.0308479e-006            
1.7615604e-007  2.0308834e-006            
1.8007062e-007  2.0309898e-006            
1.839852e-007  2.0309632e-006            
1.8789978e-007  2.0310697e-006            
1.9181436e-007  2.0310963e-006            
1.9572894e-007  2.0309898e-006            
1.9964351e-007  2.0307858e-006            
2.0355809e-007  2.0307503e-006            
2.0747267e-007  2.0306261e-006            
2.1138725e-007  2.0306172e-006            
2.1530183e-007  2.0304753e-006            
2.1921641e-007  2.0301825e-006            
2.2313099e-007  2.0299164e-006            
2.2704557e-007  2.0298188e-006            
2.3096014e-007  2.029597e-006            
2.3487472e-007  2.0292598e-006            
2.387893e-007  2.0291534e-006            
2.4270388e-007  2.0289582e-006            
2.4661846e-007  2.0288784e-006            
2.5053304e-007  2.0287187e-006            
2.5444762e-007  2.028692e-006            
2.583622e-007  2.0285235e-006            
2.6227677e-007  2.0282307e-006            
2.6619135e-007  2.0279202e-006            
2.7010593e-007  2.0275476e-006            
2.7402051e-007  2.0274855e-006            
2.7793509e-007  2.0272105e-006            
2.8184967e-007  2.0269266e-006            
2.8576425e-007  2.0264918e-006            
2.8967883e-007  2.026137e-006            
2.935934e-007  2.0259684e-006            
2.9750798e-007  2.0258531e-006            
3.0142256e-007  2.0255692e-006            
3.0533714e-007  2.0253296e-006            
3.0925172e-007  2.0250102e-006            
3.131663e-007  2.0249393e-006            
3.1708088e-007  2.0248417e-006            
3.2099545e-007  2.0246554e-006            
3.2491003e-007  2.0243537e-006            
3.2882461e-007  2.0242828e-006            
3.3273919e-007  2.0239811e-006            
3.3665377e-007  2.0237771e-006            
3.4056835e-007  2.0236174e-006            
3.4448293e-007  2.0235198e-006            
3.4839751e-007  2.0233069e-006            
3.5231208e-007  2.0230496e-006            
3.5622666e-007  2.0230141e-006            
3.6014124e-007  2.022881e-006            
3.6405582e-007  2.0229076e-006            
3.679704e-007  2.02281e-006            
3.7188498e-007  2.0226947e-006            
3.7579956e-007  2.022331e-006            
3.7971414e-007  2.0221269e-006            
3.8362871e-007  2.0220293e-006            
3.8754329e-007  2.0216922e-006            
3.9145787e-007  2.0213373e-006            
3.9537245e-007  2.0212575e-006            
3.9928703e-007  2.0204945e-006            
4.0320161e-007  2.0198468e-006            
4.0711619e-007  2.019625e-006            
4.1103077e-007  2.0193234e-006            
4.1494534e-007  2.0187201e-006            
4.1885992e-007  2.018037e-006            
4.227745e-007  2.0175845e-006            
4.2668908e-007  2.0169458e-006            
4.3060366e-007  2.0166885e-006            
4.3451824e-007  2.016165e-006            
4.3843282e-007  2.015615e-006            
4.423474e-007  2.0151448e-006            
4.4626197e-007  2.0147012e-006            
4.5017655e-007  2.0137874e-006            
4.5409113e-007  2.0133172e-006            
4.5800571e-007  2.0129357e-006            
4.6192029e-007  2.0122792e-006            
4.6583487e-007  2.0116759e-006            
4.6974945e-007  2.0113831e-006            
4.7366402e-007  2.0110815e-006            
4.775786e-007  2.0108774e-006            
4.8149318e-007  2.010629e-006            
4.8540776e-007  2.0105758e-006            
4.8932234e-007  2.0103806e-006            
4.9323692e-007  2.0105758e-006            
4.971515e-007  2.0108774e-006            
5.0106608e-007  2.0111525e-006            
5.0498065e-007  2.0115073e-006            
5.0889523e-007  2.0118977e-006            
5.1280981e-007  2.0126784e-006            
5.1672439e-007  2.0132817e-006            
5.2063897e-007  2.0142399e-006            
5.2455355e-007  2.0149496e-006            
5.2846813e-007  2.015961e-006            
5.3238271e-007  2.0168925e-006            
5.3629728e-007  2.0183919e-006            
5.4021186e-007  2.0194831e-006            
5.4412644e-007  2.0207518e-006            
5.4804102e-007  2.021914e-006            
5.519556e-007  2.023502e-006            
5.5587018e-007  2.0251433e-006            
5.5978476e-007  2.026962e-006            
5.6369934e-007  2.0290114e-006            
5.6761391e-007  2.0304575e-006            
5.7152849e-007  2.0323029e-006            
5.7544307e-007  2.0338288e-006            
5.7935765e-007  2.0353016e-006            
5.8327223e-007  2.0371114e-006            
5.8718681e-007  2.0388059e-006            
5.9110139e-007  2.0404916e-006            
5.9501597e-007  2.0424877e-006            
5.9893054e-007  2.0436943e-006            
6.0284512e-007  2.045096e-006            
6.067597e-007  2.0464446e-006            
6.1067428e-007  2.0475535e-006            
6.1458886e-007  2.0488311e-006            
6.1850344e-007  2.0499312e-006            
6.2241802e-007  2.0503659e-006            
6.263326e-007  2.051466e-006            
6.3024717e-007  2.0523975e-006            
6.3416175e-007  2.0530186e-006            
6.3807633e-007  2.0537017e-006            
6.4199091e-007  2.0545268e-006            
6.4590549e-007  2.0551922e-006            
6.4982007e-007  2.0555027e-006            
6.5373465e-007  2.0560439e-006            
6.5764922e-007  2.0564786e-006            
6.615638e-007  2.0567536e-006            
6.6547838e-007  2.0568512e-006            
6.6939296e-007  2.0571351e-006            
6.7330754e-007  2.0568068e-006            
6.7722212e-007  2.0568867e-006            
6.811367e-007  2.0568956e-006            
6.8505128e-007  2.056727e-006            
6.8896585e-007  2.0564431e-006            
6.9288043e-007  2.0563455e-006            
6.9679501e-007  2.0560261e-006            
7.0070959e-007  2.0554228e-006            
7.0462417e-007  2.0551567e-006            
7.0853875e-007  2.0546687e-006            
7.1245333e-007  2.0540033e-006            
7.1636791e-007  2.0533912e-006            
7.2028248e-007  2.0530186e-006            
7.2419706e-007  2.0520959e-006            
7.2811164e-007  2.0513329e-006            
7.3202622e-007  2.0505345e-006            
7.359408e-007  2.0499578e-006            
7.3985538e-007  2.0490706e-006            
7.4376996e-007  2.0481391e-006            
7.4768454e-007  2.0470035e-006            
7.5159911e-007  2.0458945e-006            
7.5551369e-007  2.0451404e-006            
7.5942827e-007  2.0437032e-006            
7.6334285e-007  2.0423192e-006            
7.6725743e-007  2.0412812e-006            
7.7117201e-007  2.0394536e-006            
7.7508659e-007  2.0378034e-006            
7.7900117e-007  2.0363573e-006            
7.8291574e-007  2.0355766e-006            
7.8683032e-007  2.0346184e-006            
7.907449e-007  2.0330481e-006            
7.9465948e-007  2.0316286e-006            
7.9857406e-007  2.0306527e-006            
8.0248864e-007  2.0289138e-006            
8.0640322e-007  2.0276452e-006            
8.1031779e-007  2.0266604e-006            
8.1423237e-007  2.0253296e-006            
8.1814695e-007  2.0246199e-006            
8.2206153e-007  2.0233246e-006            
8.2597611e-007  2.0224995e-006            
8.2989069e-007  2.0216833e-006            
8.3380527e-007  2.0209203e-006            
8.3771985e-007  2.0202372e-006            
8.4163442e-007  2.0196517e-006            
8.45549e-007  2.0191194e-006            
8.4946358e-007  2.018241e-006            
8.5337816e-007  2.0175402e-006            
8.5729274e-007  2.0171853e-006            
8.6120732e-007  2.0170434e-006            
8.651219e-007  2.0166619e-006            
8.6903648e-007  2.0159965e-006            
8.7295105e-007  2.0155174e-006            
8.7686563e-007  2.015198e-006            
8.8078021e-007  2.0143374e-006            
8.8469479e-007  2.0141334e-006            
8.8860937e-007  2.0136809e-006            
8.9252395e-007  2.0133172e-006            
8.9643853e-007  2.0130599e-006            
9.0035311e-007  2.0128736e-006            
9.0426768e-007  2.0126607e-006            
9.0818226e-007  2.0123324e-006            
9.1209684e-007  2.0122348e-006            
9.1601142e-007  2.012013e-006            
9.19926e-007  2.01188e-006            
9.2384058e-007  2.0118711e-006            
9.2775516e-007  2.0116315e-006            
9.3166974e-007  2.0114097e-006            
9.3558431e-007  2.0111436e-006            
9.3949889e-007  2.0110992e-006            
9.4341347e-007  2.0107532e-006            
9.4732805e-007  2.0105847e-006            
9.5124263e-007  2.0105581e-006            
9.5515721e-007  2.0103185e-006            
9.5907179e-007  2.0101233e-006            
9.6298636e-007  2.0100524e-006            
9.6690094e-007  2.0098927e-006            
9.7081552e-007  2.0096709e-006            
9.747301e-007  2.009591e-006            
9.7864468e-007  2.0096531e-006            
9.8255926e-007  2.0097418e-006            
9.8647384e-007  2.0095733e-006            
9.9038842e-007  2.0096354e-006            
9.9430299e-007  2.0094579e-006            
9.9821757e-007  2.0094846e-006            
1.0021322e-006  2.0098572e-006            
1.0060467e-006  2.0102121e-006            
1.0099613e-006  2.0103895e-006            
1.0138759e-006  2.0106911e-006            
1.0177905e-006  2.0112146e-006            
1.021705e-006  2.0117291e-006            
1.0256196e-006  2.0123324e-006            
1.0295342e-006  2.0132107e-006            
1.0334488e-006  2.0139027e-006            
1.0373634e-006  2.0145592e-006            
1.0412779e-006  2.0156505e-006            
1.0451925e-006  2.0165465e-006            
1.0491071e-006  2.017345e-006            
1.0530217e-006  2.0181967e-006            
1.0569363e-006  2.0192258e-006            
1.0608508e-006  2.0199799e-006            
1.0647654e-006  2.0205743e-006            
1.06868e-006  2.0217809e-006            
1.0725946e-006  2.022464e-006            
1.0765091e-006  2.0229875e-006            
1.0804237e-006  2.023573e-006            
1.0843383e-006  2.0240698e-006            
1.0882529e-006  2.0245667e-006            
1.0921675e-006  2.0250812e-006            
1.096082e-006  2.0255071e-006            
1.0999966e-006  2.025995e-006            
1.1039112e-006  2.026412e-006            
1.1078258e-006  2.0269266e-006            
1.1117404e-006  2.0270508e-006            
1.1156549e-006  2.0272016e-006            
1.1195695e-006  2.0274855e-006            
1.1234841e-006  2.0277694e-006            
1.1273987e-006  2.0277428e-006            
1.1313132e-006  2.028e-006            
1.1352278e-006  2.0281331e-006            
1.1391424e-006  2.0280976e-006            
1.143057e-006  2.0279734e-006            
1.1469716e-006  2.0279202e-006            
1.1508861e-006  2.0277339e-006            
1.1548007e-006  2.0275298e-006            
1.1587153e-006  2.0274145e-006            
1.1626299e-006  2.0273435e-006            
1.1665445e-006  2.0273435e-006            
1.170459e-006  2.027521e-006            
1.1743736e-006  2.0276274e-006            
1.1782882e-006  2.0275476e-006            
1.1822028e-006  2.027521e-006            
1.1861174e-006  2.0276718e-006            
1.1900319e-006  2.0274056e-006            
1.1939465e-006  2.0273258e-006            
1.1978611e-006  2.0274322e-006            
1.2017757e-006  2.0276097e-006            
1.2056902e-006  2.0274145e-006            
1.2096048e-006  2.027521e-006            
1.2135194e-006  2.0274589e-006            
1.217434e-006  2.0272903e-006            
1.2213486e-006  2.0271306e-006            
1.2252631e-006  2.0270064e-006            
1.2291777e-006  2.0269177e-006            
1.2330923e-006  2.0268024e-006            
1.2370069e-006  2.0271217e-006            
1.2409215e-006  2.0270508e-006            
1.244836e-006  2.0268999e-006            
1.2487506e-006  2.0269709e-006            
1.2526652e-006  2.0270153e-006            
1.2565798e-006  2.0270153e-006            
1.2604943e-006  2.026829e-006            
1.2644089e-006  2.0270596e-006            
1.2683235e-006  2.0270241e-006            
1.2722381e-006  2.0269887e-006            
1.2761527e-006  2.0270685e-006            
1.2800672e-006  2.0270685e-006            
1.2839818e-006  2.0269975e-006            
1.2878964e-006  2.0271129e-006            
1.291811e-006  2.0271306e-006            
1.2957256e-006  2.0272193e-006            
1.2996401e-006  2.0269975e-006            
1.3035547e-006  2.0268911e-006            
1.3074693e-006  2.0266427e-006            
1.3113839e-006  2.0264475e-006            
1.3152984e-006  2.0264297e-006            
1.319213e-006  2.0264475e-006            
1.3231276e-006  2.0262612e-006            
1.3270422e-006  2.0263942e-006            
1.3309568e-006  2.0264475e-006            
1.3348713e-006  2.0262434e-006            
1.3387859e-006  2.0261103e-006            
1.3427005e-006  2.0262612e-006            
1.3466151e-006  2.0262789e-006            
1.3505297e-006  2.0263055e-006            
1.3544442e-006  2.0265273e-006            
1.3583588e-006  2.0264297e-006            
1.3622734e-006  2.0262523e-006            
1.366188e-006  2.0262168e-006            
1.3701026e-006  2.0263233e-006            
1.3740171e-006  2.0262168e-006            
1.3779317e-006  2.0263942e-006            
1.3818463e-006  2.0265806e-006            
1.3857609e-006  2.0266338e-006            
1.3896754e-006  2.0264297e-006            
1.39359e-006  2.0264031e-006            
1.3975046e-006  2.0261015e-006            
1.4014192e-006  2.0259595e-006            
1.4053338e-006  2.0260926e-006            
1.4092483e-006  2.0261015e-006            
1.4131629e-006  2.0259773e-006            
1.4170775e-006  2.0260305e-006            
1.4209921e-006  2.02627e-006            
1.4249067e-006  2.026137e-006            
1.4288212e-006  2.0259773e-006            
1.4327358e-006  2.0261015e-006            
1.4366504e-006  2.026066e-006            
1.440565e-006  2.0259507e-006            
1.4444795e-006  2.0259684e-006            
1.4483941e-006  2.0259684e-006            
1.4523087e-006  2.025791e-006            
1.4562233e-006  2.0257289e-006            
1.4601379e-006  2.0258708e-006            
1.4640524e-006  2.0257289e-006            
1.467967e-006  2.0257022e-006            
1.4718816e-006  2.0257466e-006            
1.4757962e-006  2.0257821e-006            
1.4797108e-006  2.025578e-006            
1.4836253e-006  2.0257377e-006            
1.4875399e-006  2.0256313e-006            
