Profile 1             
x  y
[m]     [m]         
0  2.7509734e-006            
3.9145897e-009  2.7511151e-006            
7.8291794e-009  2.7511673e-006            
1.1743769e-008  2.7509817e-006            
1.5658359e-008  2.7510958e-006            
1.9572949e-008  2.7511229e-006            
2.3487538e-008  2.7511483e-006            
2.7402128e-008  2.7510201e-006            
3.1316718e-008  2.7512271e-006            
3.5231307e-008  2.7510871e-006            
3.9145897e-008  2.7510532e-006            
4.3060487e-008  2.75126e-006            
4.6975076e-008  2.7513315e-006            
5.0889666e-008  2.751283e-006            
5.4804256e-008  2.7513496e-006            
5.8718846e-008  2.7513843e-006            
6.2633435e-008  2.7511863e-006            
6.6548025e-008  2.7511304e-006            
7.0462615e-008  2.7511137e-006            
7.4377204e-008  2.7510481e-006            
7.8291794e-008  2.7509903e-006            
8.2206384e-008  2.7511891e-006            
8.6120974e-008  2.7511745e-006            
9.0035563e-008  2.7511404e-006            
9.3950153e-008  2.7512899e-006            
9.7864743e-008  2.7511663e-006            
1.0177933e-007  2.7510137e-006            
1.0569392e-007  2.7507865e-006            
1.0960851e-007  2.7506568e-006            
1.135231e-007  2.7504149e-006            
1.1743769e-007  2.7503062e-006            
1.2135228e-007  2.750327e-006            
1.2526687e-007  2.750128e-006            
1.2918146e-007  2.7499864e-006            
1.3309605e-007  2.7499042e-006            
1.3701064e-007  2.7497895e-006            
1.4092523e-007  2.7496047e-006            
1.4483982e-007  2.7495586e-006            
1.4875441e-007  2.7493984e-006            
1.52669e-007  2.7491726e-006            
1.5658359e-007  2.7491831e-006            
1.6049818e-007  2.7491967e-006            
1.6441277e-007  2.7489978e-006            
1.6832736e-007  2.7488369e-006            
1.7224195e-007  2.7488679e-006            
1.7615654e-007  2.7486932e-006            
1.8007113e-007  2.748505e-006            
1.8398572e-007  2.7483202e-006            
1.8790031e-007  2.7482715e-006            
1.918149e-007  2.7479137e-006            
1.9572949e-007  2.7478704e-006            
1.9964408e-007  2.7477766e-006            
2.0355866e-007  2.747562e-006            
2.0747325e-007  2.7473495e-006            
2.1138784e-007  2.747119e-006            
2.1530243e-007  2.7469789e-006            
2.1921702e-007  2.746674e-006            
2.2313161e-007  2.7464855e-006            
2.270462e-007  2.7464395e-006            
2.3096079e-007  2.7462059e-006            
2.3487538e-007  2.746025e-006            
2.3878997e-007  2.7459575e-006            
2.4270456e-007  2.7457668e-006            
2.4661915e-007  2.7456909e-006            
2.5053374e-007  2.7458588e-006            
2.5444833e-007  2.745779e-006            
2.5836292e-007  2.745646e-006            
2.6227751e-007  2.7456191e-006            
2.661921e-007  2.7455546e-006            
2.7010669e-007  2.7454061e-006            
2.7402128e-007  2.745357e-006            
2.7793587e-007  2.745451e-006            
2.8185046e-007  2.7453157e-006            
2.8576505e-007  2.7452889e-006            
2.8967964e-007  2.7452661e-006            
2.9359423e-007  2.7452964e-006            
2.9750882e-007  2.7452029e-006            
3.0142341e-007  2.7454085e-006            
3.05338e-007  2.7455889e-006            
3.0925259e-007  2.7456541e-006            
3.1316718e-007  2.7457762e-006            
3.1708177e-007  2.745982e-006            
3.2099636e-007  2.7461588e-006            
3.2491095e-007  2.746316e-006            
3.2882554e-007  2.7465183e-006            
3.3274013e-007  2.7465876e-006            
3.3665471e-007  2.7467658e-006            
3.405693e-007  2.7470002e-006            
3.4448389e-007  2.7471783e-006            
3.4839848e-007  2.7473466e-006            
3.5231307e-007  2.7476335e-006            
3.5622766e-007  2.7477699e-006            
3.6014225e-007  2.7481029e-006            
3.6405684e-007  2.7484233e-006            
3.6797143e-007  2.7488951e-006            
3.7188602e-007  2.7492602e-006            
3.7580061e-007  2.7497335e-006            
3.797152e-007  2.7502961e-006            
3.8362979e-007  2.7506349e-006            
3.8754438e-007  2.7511002e-006            
3.9145897e-007  2.751667e-006            
3.9537356e-007  2.7522242e-006            
3.9928815e-007  2.7527951e-006            
4.0320274e-007  2.7533932e-006            
4.0711733e-007  2.7538709e-006            
4.1103192e-007  2.7544748e-006            
4.1494651e-007  2.7550303e-006            
4.188611e-007  2.7556718e-006            
4.2277569e-007  2.7561756e-006            
4.2669028e-007  2.7567615e-006            
4.3060487e-007  2.7574344e-006            
4.3451946e-007  2.7579012e-006            
4.3843405e-007  2.7585643e-006            
4.4234864e-007  2.7591806e-006            
4.4626323e-007  2.7598297e-006            
4.5017782e-007  2.7604197e-006            
4.5409241e-007  2.7612737e-006            
4.58007e-007  2.7622657e-006            
4.6192159e-007  2.7633985e-006            
4.6583618e-007  2.7646362e-006            
4.6975076e-007  2.7662705e-006            
4.7366535e-007  2.76793e-006            
4.7757994e-007  2.7692259e-006            
4.8149453e-007  2.7703501e-006            
4.8540912e-007  2.7714387e-006            
4.8932371e-007  2.7722003e-006            
4.932383e-007  2.7732048e-006            
4.9715289e-007  2.7742194e-006            
5.0106748e-007  2.7751573e-006            
5.0498207e-007  2.7761972e-006            
5.0889666e-007  2.7770028e-006            
5.1281125e-007  2.777678e-006            
5.1672584e-007  2.7783076e-006            
5.2064043e-007  2.7788929e-006            
5.2455502e-007  2.7793834e-006            
5.2846961e-007  2.7797325e-006            
5.323842e-007  2.7803196e-006            
5.3629879e-007  2.7807516e-006            
5.4021338e-007  2.7811347e-006            
5.4412797e-007  2.7816461e-006            
5.4804256e-007  2.7819502e-006            
5.5195715e-007  2.7822489e-006            
5.5587174e-007  2.7825629e-006            
5.5978633e-007  2.7828143e-006            
5.6370092e-007  2.7829508e-006            
5.6761551e-007  2.7830885e-006            
5.715301e-007  2.7832065e-006            
5.7544469e-007  2.7833889e-006            
5.7935928e-007  2.7834094e-006            
5.8327387e-007  2.7834887e-006            
5.8718846e-007  2.7835637e-006            
5.9110305e-007  2.7836951e-006            
5.9501764e-007  2.7839514e-006            
5.9893223e-007  2.7839868e-006            
6.0284681e-007  2.7841185e-006            
6.067614e-007  2.7843732e-006            
6.1067599e-007  2.7845554e-006            
6.1459058e-007  2.784652e-006            
6.1850517e-007  2.7848343e-006            
6.2241976e-007  2.7850111e-006            
6.2633435e-007  2.7850391e-006            
6.3024894e-007  2.7850617e-006            
6.3416353e-007  2.785056e-006            
6.3807812e-007  2.7849742e-006            
6.4199271e-007  2.7848157e-006            
6.459073e-007  2.7846815e-006            
6.4982189e-007  2.7845893e-006            
6.5373648e-007  2.7845886e-006            
6.5765107e-007  2.7844036e-006            
6.6156566e-007  2.7842512e-006            
6.6548025e-007  2.7840577e-006            
6.6939484e-007  2.7837216e-006            
6.7330943e-007  2.7835488e-006            
6.7722402e-007  2.7833995e-006            
6.8113861e-007  2.7831804e-006            
6.850532e-007  2.7828474e-006            
6.8896779e-007  2.7826453e-006            
6.9288238e-007  2.7823185e-006            
6.9679697e-007  2.7820913e-006            
7.0071156e-007  2.7818997e-006            
7.0462615e-007  2.7816534e-006            
7.0854074e-007  2.7813117e-006            
7.1245533e-007  2.7811246e-006            
7.1636992e-007  2.7804423e-006            
7.2028451e-007  2.7797243e-006            
7.241991e-007  2.7793806e-006            
7.2811369e-007  2.7788977e-006            
7.3202828e-007  2.7785157e-006            
7.3594286e-007  2.7781552e-006            
7.3985745e-007  2.7777876e-006            
7.4377204e-007  2.7772753e-006            
7.4768663e-007  2.7768436e-006            
7.5160122e-007  2.7764855e-006            
7.5551581e-007  2.7760755e-006            
7.594304e-007  2.7755453e-006            
7.6334499e-007  2.7753047e-006            
7.6725958e-007  2.7748945e-006            
7.7117417e-007  2.7744459e-006            
7.7508876e-007  2.7736818e-006            
7.7900335e-007  2.7732239e-006            
7.8291794e-007  2.7725762e-006            
7.8683253e-007  2.7719897e-006            
7.9074712e-007  2.7713466e-006            
7.9466171e-007  2.7704197e-006            
7.985763e-007  2.7694976e-006            
8.0249089e-007  2.7687826e-006            
8.0640548e-007  2.7677363e-006            
8.1032007e-007  2.766674e-006            
8.1423466e-007  2.7652919e-006            
8.1814925e-007  2.7641477e-006            
8.2206384e-007  2.7630536e-006            
8.2597843e-007  2.7615892e-006            
8.2989302e-007  2.759994e-006            
8.3380761e-007  2.7587331e-006            
8.377222e-007  2.7580757e-006            
8.4163679e-007  2.7576393e-006            
8.4555138e-007  2.7572602e-006            
8.4946597e-007  2.7568756e-006            
8.5338056e-007  2.7563507e-006            
8.5729515e-007  2.7560006e-006            
8.6120974e-007  2.7556159e-006            
8.6512433e-007  2.7551343e-006            
8.6903891e-007  2.7547944e-006            
8.729535e-007  2.7541097e-006            
8.7686809e-007  2.7535884e-006            
8.8078268e-007  2.7530316e-006            
8.8469727e-007  2.7527125e-006            
8.8861186e-007  2.7521964e-006            
8.9252645e-007  2.7518248e-006            
8.9644104e-007  2.751332e-006            
9.0035563e-007  2.7509052e-006            
9.0427022e-007  2.7504497e-006            
9.0818481e-007  2.7500885e-006            
9.120994e-007  2.7497255e-006            
9.1601399e-007  2.7492393e-006            
9.1992858e-007  2.7489701e-006            
9.2384317e-007  2.748737e-006            
9.2775776e-007  2.7484601e-006            
9.3167235e-007  2.7483143e-006            
9.3558694e-007  2.748436e-006            
9.3950153e-007  2.7484096e-006            
9.4341612e-007  2.7484068e-006            
9.4733071e-007  2.7482607e-006            
9.512453e-007  2.7480852e-006            
9.5515989e-007  2.7479203e-006            
9.5907448e-007  2.7478566e-006            
9.6298907e-007  2.7477315e-006            
9.6690366e-007  2.7476235e-006            
9.7081825e-007  2.7476114e-006            
9.7473284e-007  2.7476054e-006            
9.7864743e-007  2.7475684e-006            
9.8256202e-007  2.7476214e-006            
9.8647661e-007  2.7475808e-006            
9.903912e-007  2.7475642e-006            
9.9430579e-007  2.7476415e-006            
9.9822038e-007  2.7476542e-006            
1.002135e-006  2.7476731e-006            
1.0060496e-006  2.7476753e-006            
1.0099641e-006  2.7477582e-006            
1.0138787e-006  2.7477387e-006            
1.0177933e-006  2.7476761e-006            
1.0217079e-006  2.7475733e-006            
1.0256225e-006  2.7474279e-006            
1.0295371e-006  2.7472534e-006            
1.0334517e-006  2.747286e-006            
1.0373663e-006  2.7473449e-006            
1.0412809e-006  2.7473684e-006            
1.0451955e-006  2.7473031e-006            
1.04911e-006  2.7472105e-006            
1.0530246e-006  2.7470764e-006            
1.0569392e-006  2.7469995e-006            
1.0608538e-006  2.7468478e-006            
1.0647684e-006  2.7467715e-006            
1.068683e-006  2.7466431e-006            
1.0725976e-006  2.746722e-006            
1.0765122e-006  2.7466605e-006            
1.0804268e-006  2.7466814e-006            
1.0843413e-006  2.7467207e-006            
1.0882559e-006  2.7467291e-006            
1.0921705e-006  2.7465215e-006            
1.0960851e-006  2.7465611e-006            
1.0999997e-006  2.7466137e-006            
1.1039143e-006  2.7466476e-006            
1.1078289e-006  2.7464454e-006            
1.1117435e-006  2.7463006e-006            
1.1156581e-006  2.7462811e-006            
1.1195727e-006  2.7462846e-006            
1.1234872e-006  2.7462532e-006            
1.1274018e-006  2.7463598e-006            
1.1313164e-006  2.7463335e-006            
1.135231e-006  2.7462874e-006            
1.1391456e-006  2.7462662e-006            
1.1430602e-006  2.7462257e-006            
1.1469748e-006  2.7462494e-006            
1.1508894e-006  2.7462266e-006            
1.154804e-006  2.7461924e-006            
1.1587186e-006  2.7462222e-006            
1.1626331e-006  2.7461691e-006            
1.1665477e-006  2.7461339e-006            
1.1704623e-006  2.7461336e-006            
1.1743769e-006  2.74612e-006            
1.1782915e-006  2.7460813e-006            
1.1822061e-006  2.7461155e-006            
1.1861207e-006  2.7460977e-006            
1.1900353e-006  2.7461305e-006            
1.1939499e-006  2.7461149e-006            
1.1978645e-006  2.7460237e-006            
1.201779e-006  2.7459489e-006            
1.2056936e-006  2.7459921e-006            
1.2096082e-006  2.7459572e-006            
1.2135228e-006  2.7458492e-006            
1.2174374e-006  2.745821e-006            
1.221352e-006  2.7458826e-006            
1.2252666e-006  2.7458074e-006            
1.2291812e-006  2.7457848e-006            
1.2330958e-006  2.7458174e-006            
1.2370103e-006  2.7456579e-006            
1.2409249e-006  2.7455918e-006            
1.2448395e-006  2.7455317e-006            
1.2487541e-006  2.7455543e-006            
1.2526687e-006  2.7456341e-006            
1.2565833e-006  2.7456534e-006            
1.2604979e-006  2.7455516e-006            
1.2644125e-006  2.7454104e-006            
1.2683271e-006  2.74534e-006            
1.2722417e-006  2.7454683e-006            
1.2761562e-006  2.7453307e-006            
1.2800708e-006  2.7454022e-006            
1.2839854e-006  2.7455188e-006            
1.2879e-006  2.7455137e-006            
1.2918146e-006  2.7455045e-006            
1.2957292e-006  2.7455766e-006            
1.2996438e-006  2.7455777e-006            
1.3035584e-006  2.7454055e-006            
1.307473e-006  2.7455286e-006            
1.3113876e-006  2.745337e-006            
1.3153021e-006  2.7452083e-006            
1.3192167e-006  2.745148e-006            
1.3231313e-006  2.7451566e-006            
1.3270459e-006  2.7449701e-006            
1.3309605e-006  2.7449914e-006            
1.3348751e-006  2.7449849e-006            
1.3387897e-006  2.7448707e-006            
1.3427043e-006  2.7446974e-006            
1.3466189e-006  2.7447654e-006            
1.3505334e-006  2.7449204e-006            
1.354448e-006  2.7449298e-006            
1.3583626e-006  2.7450979e-006            
1.3622772e-006  2.7450139e-006            
1.3661918e-006  2.7447638e-006            
1.3701064e-006  2.7445653e-006            
1.374021e-006  2.7447104e-006            
1.3779356e-006  2.7446529e-006            
1.3818502e-006  2.7445328e-006            
1.3857648e-006  2.7447443e-006            
1.3896793e-006  2.7446778e-006            
1.3935939e-006  2.7445834e-006            
1.3975085e-006  2.744634e-006            
1.4014231e-006  2.7446603e-006            
1.4053377e-006  2.7444602e-006            
1.4092523e-006  2.7444045e-006            
1.4131669e-006  2.7446259e-006            
1.4170815e-006  2.7444098e-006            
1.4209961e-006  2.7443218e-006            
1.4249107e-006  2.7444964e-006            
1.4288252e-006  2.7444925e-006            
1.4327398e-006  2.744393e-006            
1.4366544e-006  2.7444506e-006            
1.440569e-006  2.744477e-006            
1.4444836e-006  2.7443168e-006            
1.4483982e-006  2.7445347e-006            
1.4523128e-006  2.7446117e-006            
1.4562274e-006  2.7445778e-006            
1.460142e-006  2.7444161e-006            
1.4640566e-006  2.7445324e-006            
1.4679711e-006  2.7443832e-006            
1.4718857e-006  2.7443313e-006            
1.4758003e-006  2.744524e-006            
1.4797149e-006  2.7445967e-006            
1.4836295e-006  2.7443584e-006            
1.4875441e-006  2.7442025e-006            
1.4914587e-006  2.744331e-006            
1.4953733e-006  2.7440105e-006            
1.4992879e-006  2.7441302e-006            
1.5032024e-006  2.7443271e-006            
1.507117e-006  2.7441578e-006            
1.5110316e-006  2.7439318e-006            
1.5149462e-006  2.7439535e-006            
1.5188608e-006  2.7439764e-006            
1.5227754e-006  2.7438747e-006            
1.52669e-006  2.7440417e-006            
1.5306046e-006  2.7441061e-006            
1.5345192e-006  2.7439505e-006            
1.5384338e-006  2.7438539e-006            
1.5423483e-006  2.7439028e-006            
1.5462629e-006  2.7438417e-006            
1.5501775e-006  2.7436912e-006            
1.5540921e-006  2.7438851e-006            
1.5580067e-006  2.7438582e-006            
