Profile 1             
x  y
[m]     [m]         
0  1.827913e-006            
3.9146847e-009  1.8281995e-006            
7.8293694e-009  1.8283895e-006            
1.1744054e-008  1.8284994e-006            
1.5658739e-008  1.8283782e-006            
1.9573423e-008  1.8281459e-006            
2.3488108e-008  1.8281167e-006            
2.7402793e-008  1.8281585e-006            
3.1317477e-008  1.8281292e-006            
3.5232162e-008  1.8282667e-006            
3.9146847e-008  1.8282607e-006            
4.3061531e-008  1.8283084e-006            
4.6976216e-008  1.8281375e-006            
5.0890901e-008  1.827847e-006            
5.4805585e-008  1.8275555e-006            
5.872027e-008  1.827587e-006            
6.2634955e-008  1.8276656e-006            
6.654964e-008  1.8277145e-006            
7.0464324e-008  1.8277368e-006            
7.4379009e-008  1.8279126e-006            
7.8293694e-008  1.8279578e-006            
8.2208378e-008  1.8281414e-006            
8.6123063e-008  1.8280041e-006            
9.0037748e-008  1.8278694e-006            
9.3952432e-008  1.8277353e-006            
9.7867117e-008  1.8275771e-006            
1.017818e-007  1.8275084e-006            
1.0569649e-007  1.8276242e-006            
1.0961117e-007  1.8278246e-006            
1.1352586e-007  1.8279811e-006            
1.1744054e-007  1.8276965e-006            
1.2135522e-007  1.8276111e-006            
1.2526991e-007  1.8274511e-006            
1.2918459e-007  1.8273425e-006            
1.3309928e-007  1.8279065e-006            
1.3701396e-007  1.8278653e-006            
1.4092865e-007  1.828027e-006            
1.4484333e-007  1.8279638e-006            
1.4875802e-007  1.8279393e-006            
1.526727e-007  1.8278788e-006            
1.5658739e-007  1.8279092e-006            
1.6050207e-007  1.8280035e-006            
1.6441676e-007  1.8279582e-006            
1.6833144e-007  1.8277329e-006            
1.7224613e-007  1.8276552e-006            
1.7616081e-007  1.8276119e-006            
1.800755e-007  1.8275922e-006            
1.8399018e-007  1.8275679e-006            
1.8790486e-007  1.8274913e-006            
1.9181955e-007  1.8274457e-006            
1.9573423e-007  1.8275141e-006            
1.9964892e-007  1.8276582e-006            
2.035636e-007  1.8276949e-006            
2.0747829e-007  1.8276727e-006            
2.1139297e-007  1.8276776e-006            
2.1530766e-007  1.8276572e-006            
2.1922234e-007  1.8276043e-006            
2.2313703e-007  1.8276538e-006            
2.2705171e-007  1.82784e-006            
2.309664e-007  1.827984e-006            
2.3488108e-007  1.8279857e-006            
2.3879577e-007  1.8280096e-006            
2.4271045e-007  1.8280442e-006            
2.4662513e-007  1.8280876e-006            
2.5053982e-007  1.8281298e-006            
2.544545e-007  1.8280608e-006            
2.5836919e-007  1.8277946e-006            
2.6228387e-007  1.8275038e-006            
2.6619856e-007  1.8274473e-006            
2.7011324e-007  1.8274197e-006            
2.7402793e-007  1.8273262e-006            
2.7794261e-007  1.82743e-006            
2.818573e-007  1.8275381e-006            
2.8577198e-007  1.8276457e-006            
2.8968667e-007  1.8278682e-006            
2.9360135e-007  1.8279323e-006            
2.9751604e-007  1.827903e-006            
3.0143072e-007  1.8278062e-006            
3.053454e-007  1.82795e-006            
3.0926009e-007  1.827879e-006            
3.1317477e-007  1.8278156e-006            
3.1708946e-007  1.8276051e-006            
3.2100414e-007  1.8274494e-006            
3.2491883e-007  1.8273789e-006            
3.2883351e-007  1.8275121e-006            
3.327482e-007  1.827707e-006            
3.3666288e-007  1.8276273e-006            
3.4057757e-007  1.8276375e-006            
3.4449225e-007  1.8276635e-006            
3.4840694e-007  1.8277206e-006            
3.5232162e-007  1.8276058e-006            
3.5623631e-007  1.8275473e-006            
3.6015099e-007  1.8273921e-006            
3.6406567e-007  1.8272383e-006            
3.6798036e-007  1.8272102e-006            
3.7189504e-007  1.8269888e-006            
3.7580973e-007  1.8269295e-006            
3.7972441e-007  1.8268991e-006            
3.836391e-007  1.8270601e-006            
3.8755378e-007  1.8274252e-006            
3.9146847e-007  1.8275392e-006            
3.9538315e-007  1.8278878e-006            
3.9929784e-007  1.8281003e-006            
4.0321252e-007  1.8281445e-006            
4.0712721e-007  1.8282226e-006            
4.1104189e-007  1.8282444e-006            
4.1495658e-007  1.8280111e-006            
4.1887126e-007  1.8280989e-006            
4.2278595e-007  1.8283191e-006            
4.2670063e-007  1.8283898e-006            
4.3061531e-007  1.8286827e-006            
4.3453e-007  1.8288923e-006            
4.3844468e-007  1.8292056e-006            
4.4235937e-007  1.8295576e-006            
4.4627405e-007  1.8299534e-006            
4.5018874e-007  1.8304609e-006            
4.5410342e-007  1.8309562e-006            
4.5801811e-007  1.8313413e-006            
4.6193279e-007  1.8319691e-006            
4.6584748e-007  1.8323665e-006            
4.6976216e-007  1.8329458e-006            
4.7367685e-007  1.8333995e-006            
4.7759153e-007  1.8337919e-006            
4.8150622e-007  1.834172e-006            
4.854209e-007  1.8350082e-006            
4.8933558e-007  1.8366449e-006            
4.9325027e-007  1.8379214e-006            
4.9716495e-007  1.8392799e-006            
5.0107964e-007  1.8398355e-006            
5.0499432e-007  1.8404531e-006            
5.0890901e-007  1.8410686e-006            
5.1282369e-007  1.8412713e-006            
5.1673838e-007  1.8413991e-006            
5.2065306e-007  1.8413219e-006            
5.2456775e-007  1.8422086e-006            
5.2848243e-007  1.8440774e-006            
5.3239712e-007  1.8458481e-006            
5.363118e-007  1.8475478e-006            
5.4022649e-007  1.8479802e-006            
5.4414117e-007  1.848703e-006            
5.4805585e-007  1.8492182e-006            
5.5197054e-007  1.8494817e-006            
5.5588522e-007  1.84945e-006            
5.5979991e-007  1.8493373e-006            
5.6371459e-007  1.8490137e-006            
5.6762928e-007  1.8482326e-006            
5.7154396e-007  1.8478597e-006            
5.7545865e-007  1.8480787e-006            
5.7937333e-007  1.8482364e-006            
5.8328802e-007  1.8485287e-006            
5.872027e-007  1.8490445e-006            
5.9111739e-007  1.8492685e-006            
5.9503207e-007  1.8495682e-006            
5.9894676e-007  1.8500679e-006            
6.0286144e-007  1.8503415e-006            
6.0677612e-007  1.8507664e-006            
6.1069081e-007  1.8513159e-006            
6.1460549e-007  1.8518508e-006            
6.1852018e-007  1.8521692e-006            
6.2243486e-007  1.8528293e-006            
6.2634955e-007  1.8532361e-006            
6.3026423e-007  1.853686e-006            
6.3417892e-007  1.854232e-006            
6.380936e-007  1.854821e-006            
6.4200829e-007  1.855279e-006            
6.4592297e-007  1.8556659e-006            
6.4983766e-007  1.8559983e-006            
6.5375234e-007  1.8563082e-006            
6.5766703e-007  1.8567281e-006            
6.6158171e-007  1.8572393e-006            
6.654964e-007  1.8576655e-006            
6.6941108e-007  1.8580951e-006            
6.7332576e-007  1.8584958e-006            
6.7724045e-007  1.8594688e-006            
6.8115513e-007  1.8613935e-006            
6.8506982e-007  1.8631187e-006            
6.889845e-007  1.8647387e-006            
6.9289919e-007  1.8656363e-006            
6.9681387e-007  1.866876e-006            
7.0072856e-007  1.8675466e-006            
7.0464324e-007  1.8681016e-006            
7.0855793e-007  1.8684606e-006            
7.1247261e-007  1.868669e-006            
7.163873e-007  1.8688506e-006            
7.2030198e-007  1.8687535e-006            
7.2421667e-007  1.8684114e-006            
7.2813135e-007  1.8681496e-006            
7.3204603e-007  1.8675954e-006            
7.3596072e-007  1.8667196e-006            
7.398754e-007  1.8657331e-006            
7.4379009e-007  1.8645993e-006            
7.4770477e-007  1.8633785e-006            
7.5161946e-007  1.8618095e-006            
7.5553414e-007  1.8606963e-006            
7.5944883e-007  1.8602276e-006            
7.6336351e-007  1.8600123e-006            
7.672782e-007  1.8600479e-006            
7.7119288e-007  1.8599424e-006            
7.7510757e-007  1.8597428e-006            
7.7902225e-007  1.8596439e-006            
7.8293694e-007  1.8594709e-006            
7.8685162e-007  1.859184e-006            
7.907663e-007  1.8589505e-006            
7.9468099e-007  1.8588061e-006            
7.9859567e-007  1.8583026e-006            
8.0251036e-007  1.8579047e-006            
8.0642504e-007  1.8574375e-006            
8.1033973e-007  1.8568447e-006            
8.1425441e-007  1.8561921e-006            
8.181691e-007  1.8558566e-006            
8.2208378e-007  1.855542e-006            
8.2599847e-007  1.8553871e-006            
8.2991315e-007  1.8552961e-006            
8.3382784e-007  1.8551673e-006            
8.3774252e-007  1.854842e-006            
8.4165721e-007  1.8543924e-006            
8.4557189e-007  1.8538296e-006            
8.4948657e-007  1.853325e-006            
8.5340126e-007  1.852884e-006            
8.5731594e-007  1.8525023e-006            
8.6123063e-007  1.8522183e-006            
8.6514531e-007  1.8518623e-006            
8.6906e-007  1.8514837e-006            
8.7297468e-007  1.850769e-006            
8.7688937e-007  1.8500179e-006            
8.8080405e-007  1.8494153e-006            
8.8471874e-007  1.8489445e-006            
8.8863342e-007  1.848536e-006            
8.9254811e-007  1.8480018e-006            
8.9646279e-007  1.8475879e-006            
9.0037748e-007  1.847238e-006            
9.0429216e-007  1.8480652e-006            
9.0820685e-007  1.8494987e-006            
9.1212153e-007  1.8505952e-006            
9.1603621e-007  1.851552e-006            
9.199509e-007  1.8520389e-006            
9.2386558e-007  1.8524848e-006            
9.2778027e-007  1.8523657e-006            
9.3169495e-007  1.8522685e-006            
9.3560964e-007  1.8517416e-006            
9.3952432e-007  1.8511305e-006            
9.4343901e-007  1.8482031e-006            
9.4735369e-007  1.8454282e-006            
9.5126838e-007  1.8413983e-006            
9.5518306e-007  1.8393567e-006            
9.5909775e-007  1.8376247e-006            
9.6301243e-007  1.8364124e-006            
9.6692712e-007  1.8361225e-006            
9.708418e-007  1.8356885e-006            
9.7475648e-007  1.8354532e-006            
9.7867117e-007  1.8352233e-006            
9.8258585e-007  1.8348431e-006            
9.8650054e-007  1.8343941e-006            
9.9041522e-007  1.8339517e-006            
9.9432991e-007  1.8333248e-006            
9.9824459e-007  1.8328317e-006            
1.0021593e-006  1.8324694e-006            
1.006074e-006  1.8320199e-006            
1.0099886e-006  1.8315331e-006            
1.0139033e-006  1.8311534e-006            
1.017818e-006  1.8308294e-006            
1.0217327e-006  1.8301442e-006            
1.0256474e-006  1.8297862e-006            
1.0295621e-006  1.8292737e-006            
1.0334768e-006  1.8288717e-006            
1.0373914e-006  1.8285881e-006            
1.0413061e-006  1.8285951e-006            
1.0452208e-006  1.8284381e-006            
1.0491355e-006  1.827964e-006            
1.0530502e-006  1.8278594e-006            
1.0569649e-006  1.8277262e-006            
1.0608795e-006  1.8274784e-006            
1.0647942e-006  1.827382e-006            
1.0687089e-006  1.8274876e-006            
1.0726236e-006  1.8274653e-006            
1.0765383e-006  1.8274052e-006            
1.080453e-006  1.8275195e-006            
1.0843677e-006  1.8278078e-006            
1.0882823e-006  1.8276428e-006            
1.092197e-006  1.8272823e-006            
1.0961117e-006  1.8269323e-006            
1.1000264e-006  1.8265207e-006            
1.1039411e-006  1.8263016e-006            
1.1078558e-006  1.8262606e-006            
1.1117704e-006  1.8261524e-006            
1.1156851e-006  1.8262752e-006            
1.1195998e-006  1.826349e-006            
1.1235145e-006  1.8263679e-006            
1.1274292e-006  1.8263916e-006            
1.1313439e-006  1.8264819e-006            
1.1352586e-006  1.8265446e-006            
1.1391732e-006  1.8264622e-006            
1.1430879e-006  1.8266987e-006            
1.1470026e-006  1.8267624e-006            
1.1509173e-006  1.8270256e-006            
1.154832e-006  1.8271839e-006            
1.1587467e-006  1.8271153e-006            
1.1626613e-006  1.8269772e-006            
1.166576e-006  1.8268018e-006            
1.1704907e-006  1.8267253e-006            
1.1744054e-006  1.826713e-006            
1.1783201e-006  1.8267906e-006            
1.1822348e-006  1.8269814e-006            
1.1861495e-006  1.8271774e-006            
1.1900641e-006  1.8270627e-006            
1.1939788e-006  1.8270992e-006            
1.1978935e-006  1.8269308e-006            
1.2018082e-006  1.8268158e-006            
1.2057229e-006  1.8267397e-006            
1.2096376e-006  1.8265424e-006            
1.2135522e-006  1.826522e-006            
1.2174669e-006  1.8268519e-006            
1.2213816e-006  1.8270783e-006            
1.2252963e-006  1.8270294e-006            
1.229211e-006  1.8267188e-006            
1.2331257e-006  1.8269133e-006            
1.2370404e-006  1.826719e-006            
1.240955e-006  1.8266323e-006            
1.2448697e-006  1.8267146e-006            
1.2487844e-006  1.8268513e-006            
1.2526991e-006  1.8268842e-006            
1.2566138e-006  1.8270393e-006            
1.2605285e-006  1.8271369e-006            
1.2644432e-006  1.8270065e-006            
1.2683578e-006  1.8269885e-006            
1.2722725e-006  1.8270474e-006            
1.2761872e-006  1.8268522e-006            
1.2801019e-006  1.8267474e-006            
1.2840166e-006  1.8269248e-006            
1.2879313e-006  1.8271018e-006            
1.2918459e-006  1.8270741e-006            
1.2957606e-006  1.8270064e-006            
1.2996753e-006  1.8270146e-006            
1.30359e-006  1.8270579e-006            
1.3075047e-006  1.8272547e-006            
1.3114194e-006  1.8274034e-006            
1.3153341e-006  1.8273266e-006            
1.3192487e-006  1.8270194e-006            
1.3231634e-006  1.8268262e-006            
1.3270781e-006  1.8267328e-006            
1.3309928e-006  1.8264678e-006            
1.3349075e-006  1.8264708e-006            
1.3388222e-006  1.8265666e-006            
1.3427368e-006  1.8265814e-006            
1.3466515e-006  1.8269127e-006            
1.3505662e-006  1.8271449e-006            
1.3544809e-006  1.8271884e-006            
1.3583956e-006  1.8271834e-006            
1.3623103e-006  1.8271608e-006            
1.366225e-006  1.827093e-006            
1.3701396e-006  1.8268922e-006            
1.3740543e-006  1.8268352e-006            
1.377969e-006  1.8268169e-006            
1.3818837e-006  1.8269486e-006            
1.3857984e-006  1.826932e-006            
1.3897131e-006  1.8268494e-006            
1.3936277e-006  1.8266876e-006            
1.3975424e-006  1.8265129e-006            
1.4014571e-006  1.8266606e-006            
1.4053718e-006  1.8267497e-006            
1.4092865e-006  1.8266586e-006            
1.4132012e-006  1.8267058e-006            
1.4171159e-006  1.8266678e-006            
1.4210305e-006  1.8266036e-006            
1.4249452e-006  1.8264634e-006            
1.4288599e-006  1.8264762e-006            
1.4327746e-006  1.8264615e-006            
1.4366893e-006  1.8265578e-006            
1.440604e-006  1.8268298e-006            
1.4445186e-006  1.8270414e-006            
1.4484333e-006  1.8271838e-006            
1.452348e-006  1.8272076e-006            
1.4562627e-006  1.8264032e-006            
1.4601774e-006  1.8268328e-006            
1.4640921e-006  1.826856e-006            
1.4680068e-006  1.826775e-006            
1.4719214e-006  1.8267073e-006            
1.4758361e-006  1.8266145e-006            
1.4797508e-006  1.8265436e-006            
1.4836655e-006  1.8267914e-006            
1.4875802e-006  1.8269521e-006            
1.4914949e-006  1.8270321e-006            
1.4954095e-006  1.8270424e-006            
1.4993242e-006  1.8270278e-006            
